-200
-199.7480604
-199.4961207
-199.2441811
-198.9922414
-198.7403018
-198.4883621
-198.2364225
-197.9844828
-197.7325432
-197.4806036
-197.2286639
-196.9767243
-196.7247846
-196.472845
-196.2209053
-195.9689657
-195.7170261
-195.4650864
-195.2131468
-194.9612071
-194.7092675
-194.4573278
-194.2053882
-193.9534485
-193.7015089
-193.4495693
-193.1976296
-192.94569
-192.6937503
-192.4418107
-192.189871
-191.9379314
-191.6859917
-191.4340521
-191.1821125
-190.9301728
-190.6782332
-190.4262935
-190.1743539
-189.9224142
-189.6704746
-189.418535
-189.1665953
-188.9146557
-188.662716
-188.4107764
-188.1588367
-187.9068971
-187.6549574
-187.4030178
-187.1510782
-186.8991385
-186.6471989
-186.3952592
-186.1433196
-185.8913799
-185.6394403
-185.3875007
-185.135561
-184.8836214
-184.6316817
-184.3797421
-184.1278024
-183.8758628
-183.6239231
-183.3719835
-183.1200439
-182.8681042
-182.6161646
-182.3642249
-182.1122853
-181.8603456
-181.608406
-181.3564663
-181.1045267
-180.8525871
-180.6006474
-180.3487078
-180.0967681
-179.8448285
-179.5928888
-179.3409492
-179.0890096
-178.8370699
-178.5851303
-178.3331906
-178.081251
-177.8293113
-177.5773717
-177.325432
-177.0734924
-176.8215528
-176.5696131
-176.3176735
-176.0657338
-175.8137942
-175.5618545
-175.3099149
-175.0579752
-174.8060356
-174.554096
-174.3021563
-174.0502167
-173.798277
-173.5463374
-173.2943977
-173.0424581
-172.7905185
-172.5385788
-172.2866392
-172.0346995
-171.7827599
-171.5308202
-171.2788806
-171.0269409
-170.7750013
-170.5230617
-170.271122
-170.0191824
-169.7672427
-169.5153031
-169.2633634
-169.0114238
-168.7594841
-168.5075445
-168.2556049
-168.0036652
-167.7517256
-167.4997859
-167.2478463
-166.9959066
-166.743967
-166.4920274
-166.2400877
-165.9881481
-165.7362084
-165.4842688
-165.2323291
-164.9803895
-164.7284498
-164.4765102
-164.2245706
-163.9726309
-163.7206913
-163.4687516
-163.216812
-162.9648723
-162.7129327
-162.4609931
-162.2090534
-161.9571138
-161.7051741
-161.4532345
-161.2012948
-160.9493552
-160.6974155
-160.4454759
-160.1935363
-159.9415966
-159.689657
-159.4377173
-159.1857777
-158.933838
-158.6818984
-158.4299587
-158.1780191
-157.9260795
-157.6741398
-157.4222002
-157.1702605
-156.9183209
-156.6663812
-156.4144416
-156.162502
-155.9105623
-155.6586227
-155.406683
-155.1547434
-154.9028037
-154.6508641
-154.3989244
-154.1469848
-153.8950452
-153.6431055
-153.3911659
-153.1392262
-152.8872866
-152.6353469
-152.3834073
-152.1314676
-151.879528
-151.6275884
-151.3756487
-151.1237091
-150.8717694
-150.6198298
-150.3678901
-150.1159505
-149.8640109
-149.6120712
-149.3601316
-149.1081919
-148.8562523
-148.6043126
-148.352373
-148.1004333
-147.8484937
-147.5965541
-147.3446144
-147.0926748
-146.8407351
-146.5887955
-146.3368558
-146.0849162
-145.8329766
-145.5810369
-145.3290973
-145.0771576
-144.825218
-144.5732783
-144.3213387
-144.069399
-143.8174594
-143.5655198
-143.3135801
-143.0616405
-142.8097008
-142.5577612
-142.3058215
-142.0538819
-141.8019422
-141.5500026
-141.298063
-141.0461233
-140.7941837
-140.542244
-140.2903044
-140.0383647
-139.7864251
-139.5344855
-139.2825458
-139.0306062
-138.7786665
-138.5267269
-138.2747872
-138.0228476
-137.7709079
-137.5189683
-137.2670287
-137.015089
-136.7631494
-136.5112097
-136.2592701
-136.0073304
-135.7553908
-135.5034511
-135.2515115
-134.9995719
-134.7476322
-134.4956926
-134.2437529
-133.9918133
-133.7398736
-133.487934
-133.2359944
-132.9840547
-132.7321151
-132.4801754
-132.2282358
-131.9762961
-131.7243565
-131.4724168
-131.2204772
-130.9685376
-130.7165979
-130.4646583
-130.2127186
-129.960779
-129.7088393
-129.4568997
-129.20496
-128.9530204
-128.7010808
-128.4491411
-128.1972015
-127.9452618
-127.6933222
-127.4413825
-127.1894429
-126.9375033
-126.6855636
-126.433624
-126.1816843
-125.9297447
-125.677805
-125.4258654
-125.1739257
-124.9219861
-124.6700465
-124.4181068
-124.1661672
-123.9142275
-123.6622879
-123.4103482
-123.1584086
-122.906469
-122.6545293
-122.4025897
-122.15065
-121.8987104
-121.6467707
-121.3948311
-121.1428914
-120.8909518
-120.6390122
-120.3870725
-120.1351329
-119.8831932
-119.6312536
-119.3793139
-119.1273743
-118.8754346
-118.623495
-118.3715554
-118.1196157
-117.8676761
-117.6157364
-117.3637968
-117.1118571
-116.8599175
-116.6079779
-116.3560382
-116.1040986
-115.8521589
-115.6002193
-115.3482796
-115.09634
-114.8444003
-114.5924607
-114.3405211
-114.0885814
-113.8366418
-113.5847021
-113.3327625
-113.0808228
-112.8288832
-112.5769435
-112.3250039
-112.0730643
-111.8211246
-111.569185
-111.3172453
-111.0653057
-110.813366
-110.5614264
-110.3094868
-110.0575471
-109.8056075
-109.5536678
-109.3017282
-109.0497885
-108.7978489
-108.5459092
-108.2939696
-108.04203
-107.7900903
-107.5381507
-107.286211
-107.0342714
-106.7823317
-106.5303921
-106.2784524
-106.0265128
-105.7745732
-105.5226335
-105.2706939
-105.0187542
-104.7668146
-104.5148749
-104.2629353
-104.0109957
-103.759056
-103.5071164
-103.2551767
-103.0032371
-102.7512974
-102.4993578
-102.2474181
-101.9954785
-101.7435389
-101.4915992
-101.2396596
-100.9877199
-100.7357803
-100.4838406
-100.231901
-99.97996135
-99.72802171
-99.47608206
-99.22956688
-98.9830532
-98.73654251
-98.49003632
-98.24353612
-97.99704341
-97.75055968
-97.50408645
-97.25762519
-97.01117742
-96.76474463
-96.51832832
-96.27192997
-96.02555111
-95.7791932
-95.53285777
-95.2865463
-95.04026029
-94.79400123
-94.54777063
-94.30156997
-94.05540076
-93.8092645
-93.56316267
-93.31709677
-93.0710683
-92.82507876
-92.57912963
-92.33322241
-92.08735861
-91.8415397
-91.59576719
-91.35004256
-91.10436732
-90.85874296
-90.61317096
-90.36765282
-90.12219003
-89.87678408
-89.63143648
-89.38614869
-89.14092222
-88.89575856
-88.6506592
-88.40562562
-88.16065932
-87.91576178
-87.67093449
-87.42617894
-87.18149662
-86.93688901
-86.6923576
-86.44790388
-86.20352933
-85.95923544
-85.71502369
-85.47089557
-85.22685255
-84.98289613
-84.73902778
-84.49524899
-84.25156124
-84.00796601
-83.76446477
-83.52105902
-83.27775022
-83.03453986
-82.79142942
-82.54842037
-82.30551419
-82.06271235
-81.82001633
-81.57742761
-81.33494766
-81.09257795
-80.85031996
-80.60817515
-80.36614501
-80.124231
-79.88243459
-79.64075724
-79.39920044
-79.15776565
-78.91645432
-78.67526794
-78.43420797
-78.19327586
-77.9524731
-77.71180113
-77.47126142
-77.23085543
-76.99058463
-76.75045047
-76.51045442
-76.27059792
-76.03088245
-75.79130945
-75.55188038
-75.31259671
-75.07345987
-74.83447132
-74.59563253
-74.35694493
-74.11840998
-73.88002913
-73.64180382
-73.40373551
-73.16582564
-72.92807566
-72.69048701
-72.45306113
-72.21579947
-71.97870348
-71.74177458
-71.50501423
-71.26842385
-71.0320049
-70.79575879
-70.55968698
-70.32379089
-70.08807196
-69.85253162
-69.6171713
-69.38199243
-69.14699645
-68.91218477
-68.67755883
-68.44312005
-68.20886986
-67.97480968
-67.74094093
-67.50726504
-67.27378342
-67.04049749
-66.80740867
-66.57451838
-66.34182804
-66.10933905
-65.87705282
-65.64497078
-65.41309433
-65.18142488
-64.94996384
-64.71871261
-64.4876726
-64.25684522
-64.02623186
-63.79583393
-63.56565283
-63.33568996
-63.10594671
-62.87642448
-62.64712467
-62.41804866
-62.18919786
-61.96057365
-61.73217742
-61.50401056
-61.27607445
-61.04837049
-60.82090005
-60.59366452
-60.36666527
-60.13990369
-59.91338116
-59.68709905
-59.46105873
-59.23526159
-59.00970899
-58.7844023
-58.5593429
-58.33453214
-58.10997141
-57.88566205
-57.66160544
-57.43780293
-57.21425589
-56.98916086
-56.76406582
-56.53897079
-56.31387576
-56.08878072
-55.86368569
-55.63859066
-55.41349562
-55.18840059
-54.96330556
-54.73821052
-54.51311549
-54.28802045
-54.06292542
-53.83783039
-53.61273535
-53.38764032
-53.16254529
-52.93745025
-52.71235522
-52.48726019
-52.26216515
-52.03707012
-51.81197509
-51.58688005
-51.36178502
-51.13668999
-50.91159495
-50.68649992
-50.46140489
-50.23630985
-50.01121482
-49.78611979
-49.56102475
-49.33592972
-49.11083469
-48.88573965
-48.66064462
-48.43554959
-48.21045455
-47.98535952
-47.76026449
-47.53516945
-47.31007442
-47.08497939
-46.85988435
-46.63478932
-46.40969429
-46.18459925
-45.95950422
-45.73440919
-45.50931415
-45.28421912
-45.05912408
-44.83402905
-44.60893402
-44.38383898
-44.15874395
-43.93364892
-43.70855388
-43.48345885
-43.25836382
-43.03326878
-42.80817375
-42.58307872
-42.35798368
-42.13288865
-41.90779362
-41.68269858
-41.45760355
-41.23250852
-41.00741348
-40.78231845
-40.55722342
-40.33212838
-40.10703335
-39.88193832
-39.65684328
-39.43174825
-39.20665322
-38.98155818
-38.75646315
-38.53136812
-38.30627308
-38.08117805
-37.85608302
-37.63098798
-37.40589295
-37.18079792
-36.95570288
-36.73060785
-36.50551282
-36.28041778
-36.05532275
-35.83022772
-35.60513268
-35.38003765
-35.15494261
-34.92984758
-34.70475255
-34.47965751
-34.25456248
-34.02946745
-33.80437241
-33.57927738
-33.35418235
-33.12908731
-32.90399228
-32.67889725
-32.45380221
-32.22870718
-32.00361215
-31.77851711
-31.55342208
-31.32832705
-31.10323201
-30.87813698
-30.65304195
-30.42794691
-30.20285188
-29.97775685
-29.75266181
-29.52756678
-29.30247175
-29.07737671
-28.85228168
-28.62718665
-28.40209161
-28.17699658
-27.95190155
-27.72680651
-27.50171148
-27.27661645
-27.05152141
-26.82642638
-26.60133135
-26.37623631
-26.15114128
-25.92604624
-25.70095121
-25.47585618
-25.25076114
-25.02566611
-24.80057108
-24.57547604
-24.35038101
-24.12528598
-23.90019094
-23.67509591
-23.45000088
-23.22490584
-22.99981081
-22.77471578
-22.54962074
-22.32452571
-22.09943068
-21.87433564
-21.64924061
-21.42414558
-21.19905054
-20.97395551
-20.74886048
-20.52376544
-20.29867041
-20.07357538
-19.84848034
-19.62338531
-19.39829028
-19.17319524
-18.94810021
-18.72300518
-18.49791014
-18.27281511
-18.04772008
-17.82262504
-17.59753001
-17.37243498
-17.14733994
-16.92224491
-16.69714988
-16.47205484
-16.24695981
-16.02186477
-15.79676974
-15.57167471
-15.34657967
-15.12148464
-14.89638961
-14.67129457
-14.44619954
-14.22110451
-14.00259602
-13.78337109
-13.56344093
-13.3428168
-13.12150998
-12.8995318
-12.67689362
-12.45360682
-12.22968284
-12.00513312
-11.77996916
-11.55420247
-11.32784461
-11.10090717
-10.87340175
-10.64533999
-10.41673355
-10.18759415
-9.9579335
-9.727763351
-9.49709548
-9.26594169
-9.034313808
-8.802223685
-8.569683196
-8.336704239
-8.103298734
-7.869478624
-7.635255871
-7.400642461
-7.165650396
-6.930291701
-6.694578417
-6.458522604
-6.222136341
-5.985431723
-5.74842086
-5.511115878
-5.27352892
-5.035672142
-4.797557713
-4.559197818
-4.320604651
-4.08179042
-3.842767344
-3.603547652
-3.364143586
-3.124567392
-2.88483133
-2.644947666
-2.404928673
-2.164786631
-1.924533828
-1.684182556
-1.443745113
-1.203233801
-0.962660925
-0.722038795
-0.481379722
-0.240696018
0
0.239288444
0.478390298
0.717119117
0.955288749
1.192713475
1.429208159
1.66458839
1.898670625
2.131272333
2.362212139
2.591309964
2.818387163
3.043266668
3.265773125
3.485733031
3.714112424
3.942557638
4.17105283
4.399597951
4.628192953
4.856837789
5.085532411
5.314276768
5.543070815
5.771914501
6.000807779
6.2297506
6.458742915
6.687784675
6.916875833
7.146016338
7.375206142
7.604445197
7.833733452
8.063070859
8.292457369
8.521892932
8.751377498
8.98091102
9.210493446
9.440124728
9.669804816
9.89953366
10.12931121
10.35913742
10.58901223
10.8189356
11.04890748
11.27892781
11.50899655
11.73911365
11.96927905
12.19949271
12.42975458
12.66006459
12.89042272
13.12082889
13.35128307
13.5817852
13.81233523
14.04293311
14.2735788
14.50427223
14.73501335
14.96580212
15.19663849
15.4275224
15.65845381
15.88943265
16.12045888
16.35153245
16.58265331
16.8138214
17.04503667
17.27629908
17.50760856
17.73896507
17.97036856
18.20181896
18.43331624
18.66486034
18.89645121
19.12808878
19.35977302
19.59150387
19.82328128
20.05510519
20.28697555
20.51889231
20.75085542
20.98286482
21.21492046
21.44702228
21.67917024
21.91136429
22.14360436
22.37589041
22.60822238
22.84060021
23.07302386
23.30549328
23.5380084
23.77056918
24.00317556
24.23582748
24.4685249
24.70126776
24.93405601
25.16688959
25.39976844
25.63269252
25.86566177
26.09867614
26.33173557
26.56484001
26.7979894
27.03118368
27.26442282
27.49770674
27.7310354
27.96440874
28.19782671
28.43128924
28.6647963
28.89834781
29.13194374
29.36558401
29.59926859
29.8329974
30.06677041
30.30058754
30.53444875
30.76835398
31.00230318
31.23629629
31.47033326
31.70441402
31.93853853
32.17270673
32.40691856
32.64117397
32.8754729
33.10981529
33.3442011
33.57863026
33.81310271
34.04761841
34.2821773
34.51677931
34.7514244
34.98611251
35.22084358
35.45561755
35.69043437
35.92529399
36.16019634
36.39514137
36.63012902
36.86515923
37.10023196
37.33534714
37.57050471
37.80570462
38.04094682
38.27623124
38.51155783
38.74692653
38.98233728
39.21779003
39.45328472
39.68882129
39.92439969
40.16001985
40.39568173
40.63138525
40.86713038
41.10291704
41.33874518
41.57461474
41.81052567
42.04647791
42.2824714
42.51850608
42.75458189
42.99069878
43.22685669
43.46305556
43.69929533
43.93557594
44.17189734
44.40825947
44.64466227
44.88110568
45.11758965
45.3541141
45.590679
45.82728427
46.06392986
46.30061572
46.53734177
46.77410797
47.01091426
47.24776057
47.48464685
47.72157304
47.95853908
48.19554491
48.43259048
48.66967572
48.90680057
49.14396498
49.38116888
49.61841222
49.85569495
50.09301699
50.33037829
50.56777879
50.80521843
51.04269716
51.2802149
51.51777161
51.75536723
51.99300169
52.23067493
52.4683869
52.70613754
52.94392678
53.18175457
53.41962084
53.65752554
53.89546861
54.13344999
54.37146961
54.60952742
54.84762336
55.08575737
55.32392938
55.56213934
55.80038719
56.03867287
56.27699631
56.51535746
56.75375626
56.99219265
57.23066656
57.46917793
57.70772671
57.94631284
58.18493625
58.42359689
58.66229469
58.90102959
59.13980154
59.37861046
59.61745631
59.85633902
60.09525853
60.33421478
60.57320771
60.81223725
61.05130336
61.29040596
61.52954499
61.7687204
62.00793212
62.24718009
62.48646426
62.72578456
62.96514092
63.20453329
63.44396162
63.68342582
63.92292585
64.16246165
64.40203315
64.64164028
64.881283
65.12096124
65.36067493
65.60042402
65.84020845
66.08002814
66.31988305
66.55977311
66.79969826
67.03965843
67.27965357
67.51968361
67.7597485
67.99984816
68.23998255
68.48015159
68.72035523
68.9605934
69.20086604
69.44117309
69.68151449
69.92189018
70.16230009
70.40274417
70.64322234
70.88373456
71.12428075
71.36486086
71.60547482
71.84612257
72.08680405
72.32751919
72.56826794
72.80905024
73.04986601
73.2907152
73.53159775
73.77251359
74.01346267
74.25444491
74.49546026
74.73650866
74.97759004
75.21870434
75.4598515
75.70103145
75.94224414
76.18348949
76.42476746
76.66607797
76.90742097
77.14879639
77.39020416
77.63164423
77.87311654
78.11462102
78.3561576
78.59772624
78.83932685
79.08095939
79.32262378
79.56431997
79.8060479
80.04780749
80.2895987
80.53142144
80.77327567
81.01516132
81.25707833
81.49902663
81.74100616
81.98301686
82.22505867
82.46713152
82.70923535
82.95137009
83.19353569
83.43573209
83.67795921
83.920217
84.16250539
84.40482432
84.64717373
84.88955355
85.13196373
85.37440419
85.61687488
85.85937573
86.10190668
86.34446767
86.58705863
86.82967951
87.07233023
87.31501073
87.55772096
87.80046084
88.04323032
88.28602934
88.52885782
88.77171571
89.01460294
89.25751945
89.50046518
89.74344006
89.98644404
90.22947704
90.472539
90.71562987
90.95874958
91.20189806
91.44507525
91.6882811
91.93151552
92.17477848
92.41806989
92.66138969
92.90473783
93.14811424
93.39151886
93.63495162
93.87841246
94.12190132
94.36541813
94.60896283
94.85253536
95.09613566
95.33976365
95.58341929
95.8271025
96.07081322
96.31455139
96.55831694
96.80210982
97.04592995
97.28977728
97.53365174
97.77755327
98.02148181
98.26543729
98.50941965
98.75342882
98.99746475
99.24152737
99.48561662
99.72973242
99.97387473
100.2180435
100.4622386
100.70646
100.9507077
101.1949816
101.4396909
101.6839215
101.9281907
102.1724983
102.4168444
102.6612291
102.9056523
103.150114
