-360
-359.5
-359
-358.5
-358
-357.5
-357
-356.5
-356
-355.5
-355
-354.5
-354
-353.5
-353
-352.5
-352
-351.5
-351
-350.5
-350
-349.5
-349
-348.5
-348
-347.5
-347
-346.5
-346
-345.5
-345
-344.5
-344
-343.5
-343
-342.5
-342
-341.5
-341
-340.5
-340
-339.5
-339
-338.5
-338
-337.5
-337
-336.5
-336
-335.5
-335
-334.5
-334
-333.5
-333
-332.5
-332
-331.5
-331
-330.5
-330
-329.5
-329
-328.5
-328
-327.5
-327
-326.5
-326
-325.5
-325
-324.5
-324
-323.5
-323
-322.5
-322
-321.5
-321
-320.5
-320
-319.5
-319
-318.5
-318
-317.5
-317
-316.5
-316
-315.5
-315
-314.5
-314
-313.5
-313
-312.5
-312
-311.5
-311
-310.5
-310
-309.5
-309
-308.5
-308
-307.5
-307
-306.5
-306
-305.5
-305
-304.5
-304
-303.5
-303
-302.5
-302
-301.5
-301
-300.5
-300
-299.5
-299
-298.5
-298
-297.5
-297
-296.5
-296
-295.5
-295
-294.5
-294
-293.5
-293
-292.5
-292
-291.5
-291
-290.5
-290
-289.5
-289
-288.5
-288
-287.5
-287
-286.5
-286
-285.5
-285
-284.5
-284
-283.5
-283
-282.5
-282
-281.5
-281
-280.5
-280
-279.5
-279
-278.5
-278
-277.5
-277
-276.5
-276
-275.5
-275
-274.5
-274
-273.5
-273
-272.5
-272
-271.5
-271
-270.5
-270
-269.5
-269
-268.5
-268
-267.5
-267
-266.5
-266
-265.5
-265
-264.5
-264
-263.5
-263
-262.5
-262
-261.5
-261
-260.5
-260
-259.5
-259
-258.5
-258
-257.5
-257
-256.5
-256
-255.5
-255
-254.5
-254
-253.5
-253
-252.5
-252
-251.5
-251
-250.5
-250
-249.5
-249
-248.5
-248
-247.5
-247
-246.5
-246
-245.5
-245
-244.5
-244
-243.5
-243
-242.5
-242
-241.5
-241
-240.5
-240
-239.5
-239
-238.5
-238
-237.5
-237
-236.5
-236
-235.5
-235
-234.5
-234
-233.5
-233
-232.5
-232
-231.5
-231
-230.5
-230
-229.5
-229
-228.5
-228
-227.5
-227
-226.5
-226
-225.5
-225
-224.5
-224
-223.5
-223
-222.5
-222
-221.5
-221
-220.5
-220
-219.5
-219
-218.5
-218
-217.5
-217
-216.5
-216
-215.5
-215
-214.5
-214
-213.5
-213
-212.5
-212
-211.5
-211
-210.5
-210
-209.5
-209
-208.5
-208
-207.5
-207
-206.5
-206
-205.5
-205
-204.5
-204
-203.5
-203
-202.5
-202
-201.5
-201
-200.5
-200
-199.5
-199
-198.5
-198
-197.5
-197
-196.5
-196
-195.5
-195
-194.5
-194
-193.5
-193
-192.5
-192
-191.5
-191
-190.5
-190
-189.5
-189
-188.5
-188
-187.5
-187
-186.5
-186
-185.5
-185
-184.5
-184
-183.5
-183
-182.5
-182
-181.5
-181
-180.5
-180
-179.5
-179
-178.5
-178
-177.5
-177
-176.5
-176
-175.5
-175
-174.5
-174
-173.5
-173
-172.5
-172
-171.5
-171
-170.5
-170
-169.5
-169
-168.5
-168
-167.5
-167
-166.5
-166
-165.5
-165
-164.5
-164
-163.5
-163
-162.5
-162
-161.5
-161
-160.5
-160
-159.5
-159
-158.5
-158
-157.5
-157
-156.5
-156
-155.5
-155
-154.5
-154
-153.5
-153
-152.5
-152
-151.5
-151
-150.5
-150
-149.5
-149
-148.5
-148
-147.5
-147
-146.5
-146
-145.5
-145
-144.5
-144
-143.5
-143
-142.5
-142
-141.5
-141
-140.5
-140
-139.5
-139
-138.5
-138
-137.5
-137
-136.5
-136
-135.5
-135
-134.5
-134
-133.5
-133
-132.5
-132
-131.5
-131
-130.5
-130
-129.5
-129
-128.5
-128
-127.5
-127
-126.5
-126
-125.5
-125
-124.5
-124
-123.5
-123
-122.5
-122
-121.5
-121
-120.5
-120
-119.5
-119
-118.5
-118
-117.5
-117
-116.5
-116
-115.5
-115
-114.5
-114
-113.5
-113
-112.5
-112
-111.5
-111
-110.5
-110
-109.5
-109
-108.5
-108
-107.5
-107
-106.5
-106.050705
-105.784241
-105.284241
-104.784248
-104.284264
-103.784294
-103.284332
-102.784386
-102.284462
-101.784569
-101.284691
-100.784851
-100.285042
-99.785271
-99.28553
-98.785843
-98.286194
-97.786598
-97.287048
-96.78756
-96.288124
-95.78875
-95.289444
-94.790199
-94.291031
-93.791931
-93.292908
-92.793968
-92.295113
-91.796341
-91.297653
-90.799065
-90.300568
-89.80217
-89.303871
-88.805679
-88.307602
-87.809624
-87.311768
-86.814026
-86.316406
-85.818909
-85.321533
-84.824295
-84.327187
-83.830215
-83.333374
-82.836685
-82.340134
-81.843735
-81.347488
-80.851395
-80.355461
-79.859688
-79.364075
-78.868629
-78.373352
-77.87825
-77.383324
-76.88858
-76.394012
-75.899635
-75.405441
-74.911446
-74.417641
-73.924034
-73.430626
-72.937424
-72.444427
-71.951645
-71.459068
-70.966713
-70.474579
-69.982666
-69.490974
-68.999512
-68.508286
-68.017288
-67.526535
-67.036018
-66.545746
-66.055725
-65.565948
-65.076424
-64.587158
-64.098152
-63.609409
-63.12093
-62.632717
-62.144779
-61.657112
-61.169727
-60.682617
-60.195793
-59.709259
-59.223011
-58.737057
-58.251396
-57.766037
-57.280979
-56.796223
-56.311779
-55.827644
-55.343822
-54.860317
-54.377132
-53.894272
-53.411736
-52.929531
-52.447655
-51.966118
-51.484917
-51.004055
-50.52354
-50.043369
-49.563549
-49.084084
-48.604973
-48.126225
-47.647835
-47.169811
-46.692154
-46.21487
-45.737957
-45.261425
-44.785271
-44.309498
-43.834114
-43.359116
-42.884514
-42.410301
-41.936489
-41.463078
-40.99007
-40.517471
-40.04528
-39.573502
-39.102139
-38.631191
-38.160667
-37.690567
-37.220898
-36.751656
-36.282845
-35.814472
-35.346539
-34.879047
-34.411999
-33.9454
-33.479252
-33.013557
-32.548317
-32.083538
-31.619223
-31.155371
-30.691986
-30.229074
-29.766636
-29.304674
-28.843191
-28.382191
-27.921677
-27.461651
-27.002117
-26.543076
-26.084532
-25.626488
-25.168945
-24.71191
-24.255383
-23.799366
-23.343864
-22.888878
-22.434412
-21.980471
-21.527052
-21.073898
-20.620745
-20.167591
-19.714437
-19.261282
-18.808128
-18.354975
-17.901821
-17.448668
-16.995514
-16.54236
-16.089205
-15.848185
-15.393636
-14.93635
-14.476409
-14.013894
-13.548888
-13.081473
-12.611733
-12.139751
-11.66561
-11.189397
-10.711193
-10.231086
-9.749159
-9.265499
-8.780192
-8.293325
-7.804983
-7.315253
-6.824224
-6.33198
-5.838611
-5.344204
-4.848847
-4.352629
-3.855636
-3.357958
-2.859683
-2.360899
-1.861696
-1.362162
-0.862386
-0.362456
0
0.499769
0.998154
1.493775
1.985259
2.471245
2.950387
3.421357
3.558763
4.022431
4.486253
4.950228
5.414356
5.878637
6.343538
6.80829
7.27322
7.738327
8.203609
8.669067
9.134702
9.600511
10.066495
10.532653
10.998984
11.465489
11.932168
12.399018
12.866041
13.333237
13.800602
14.26814
14.735847
15.203725
15.671772
16.13999
16.608376
17.076929
17.54565
18.01454
18.483597
18.952822
19.422211
19.891768
20.361488
20.831375
21.301426
21.771641
22.24202
22.712563
23.183268
23.654135
24.125166
24.596357
25.067709
25.539223
26.010897
26.482731
26.954725
27.426876
27.899187
28.371656
28.844284
29.317068
29.790009
30.263107
30.736361
31.20977
31.683334
32.157051
32.630924
33.104954
33.579132
34.053467
34.52795
35.00259
35.477379
35.95232
36.42741
36.902653
37.378044
37.853584
38.329273
38.805111
39.281097
39.757229
40.233509
40.709938
41.186508
41.663227
42.140095
42.617104
43.094257
43.571552
44.048996
44.526577
45.004307
45.482174
45.960186
46.438335
46.91663
47.395061
47.873634
48.352345
48.831196
49.310184
49.789314
50.268578
50.747982
51.22752
51.707195
52.187004
52.66695
53.14703
53.627247
54.107594
54.588078
55.068691
55.549442
56.030319
56.511333
56.992474
57.473747
57.955151
58.436684
58.918346
59.400135
59.882057
60.364101
60.846279
61.328579
61.811008
62.29356
62.776241
63.259045
63.741974
64.225029
64.708206
65.191505
65.674927
66.15847
66.642136
67.125923
67.609833
68.031563
