55
55
55
55
55
55
55
55
55
55
55
55
55
55
55
55
55
55
55
55
55
55
55
55
55
55
55
55
55
55
55
55
55
55
55
55
55
55
55
55
55
55
55
55
55
55
55
55
55
55
55
55
55
55
55
55
55
55
55
55
55
55
55
55
55
55
55
55
55
55
55
55
55
55
55
55
55
55
55
55
55
55
55
55
55
55
55
55
55
55
55
55
55
55
55
55
55
55
55
55
54.99529915
54.98119704
54.95769501
54.92479525
54.88250086
54.83081583
54.769745
54.69929412
54.61946981
54.53027958
54.43173181
54.32383577
54.20660161
54.08004034
53.94416386
53.79898495
53.64451725
53.4807753
53.30777448
53.12553106
52.93406218
52.73338583
52.52352088
52.30448706
52.07630497
51.83899605
51.59258263
51.33708786
51.07253577
50.79895123
50.51635996
50.22478853
49.92426436
49.61481569
49.29647162
48.96926208
48.63321783
48.28837047
47.93475242
47.57239693
47.20133805
46.82161069
46.43325053
46.0362941
45.6307787
45.20422475
44.7776708
44.35111685
43.9245629
43.49800894
43.07145499
42.64490104
42.21834709
41.79179314
41.36523919
40.93868523
40.51213128
40.08557733
39.65902338
39.23246943
38.80591547
38.37936152
37.95280757
37.52625362
37.09969967
36.67314571
36.24659176
35.82003781
35.39348386
34.96692991
34.54037596
34.113822
33.68726805
33.2607141
32.83416015
32.4076062
31.98105224
31.55449829
31.12794434
30.70139039
30.27483644
29.84828248
29.42172853
28.99517458
28.56862063
28.14206668
27.71551273
27.28895877
26.86240482
26.43585087
26.00929692
25.58274297
25.20631019
24.8528366
24.52258506
24.21580114
23.932713
23.67353115
23.43844833
23.22763936
23.04126101
22.87945188
22.74233229
22.63000422
22.5425512
22.48003826
22.44251189
22.43
22.51340265
22.76198727
23.17091543
23.57385111
23.97501716
24.37440399
24.77200903
25.16782977
25.56186369
25.95410831
26.34456118
26.73321987
27.12008196
27.50514509
27.88840688
28.269865
28.64951716
29.02736107
29.40339447
29.77761512
30.15002084
30.52060944
30.88937876
31.25632668
31.6214511
31.98474996
32.34622119
32.70586278
33.06367275
33.41964911
33.77378994
34.12609333
34.47655739
34.82518026
35.17196012
35.51689516
35.85998362
36.20122375
36.54061383
36.87815217
37.21383712
37.54766704
37.87964032
38.20975541
38.53801074
38.8644048
39.18893611
39.51160321
39.83240466
40.15133906
40.46840505
40.78360127
41.09692642
41.40837922
41.71795841
42.02566276
42.33149108
42.6354422
42.937515
43.23770836
43.5360212
43.83245249
44.1270012
44.41966635
44.71044698
44.99934217
45.28635102
45.57147267
45.85470628
46.13605104
46.41550618
46.69307095
46.96874465
47.24252658
47.51441609
47.78441255
48.05251538
48.31872402
48.58303791
48.84545658
49.10597953
49.36460634
49.62133659
49.8761699
50.12910591
50.38014431
50.62928481
50.87652714
51.12187108
51.36531643
51.60686302
51.84651071
52.08425938
52.32010897
52.55405942
52.78611071
53.01626286
53.2445159
53.4708699
53.69532498
53.91788125
54.13853888
54.35729806
54.574159
54.78912197
55.00218722
55.21344253
55.42264769
