200
199.4948547
198.9897094
198.4845641
197.9794187
197.4742734
196.9691281
196.4639828
195.9588375
195.4536922
194.9485468
194.4434015
193.9382562
193.4331109
192.9279656
192.4228203
191.9176749
191.4125296
190.9073843
190.402239
189.8970937
189.3919484
188.886803
188.3816577
187.8765124
187.3713671
186.8662218
186.3610765
185.8559311
185.3507858
184.8456405
184.3404952
183.8353499
183.3302046
182.8250592
182.3199139
181.8147686
181.3096233
180.804478
180.2993327
179.7941873
179.289042
178.7838967
178.2787514
177.7736061
177.2684608
176.7633155
176.2581701
175.7530248
175.2478795
174.7427342
174.2375889
173.7324436
173.2272982
172.7221529
172.2170076
171.7118623
171.206717
170.7015717
170.1964263
169.691281
169.1861357
168.6809904
168.1758451
167.6706998
167.1655544
166.6604091
166.1552638
165.6501185
165.1449732
164.6398279
164.1346825
163.6295372
163.1243919
162.6192466
162.1141013
161.608956
161.1038106
160.5986653
160.09352
159.5883747
159.0832294
158.5780841
158.0729387
157.5677934
157.0626481
156.5575028
156.0523575
155.5472122
155.0420669
154.5369215
154.0317762
153.5266309
153.0214856
152.5163403
152.011195
151.5060496
151.0009043
150.495759
149.9906137
149.4854684
148.9803231
148.4751777
147.9700324
147.4648871
146.9597418
146.4545965
145.9494512
145.4443058
144.9391605
144.4340152
143.9288699
143.4237246
142.9185793
142.4134339
141.9082886
141.4031433
140.897998
140.3928527
139.8877074
139.382562
138.8774167
138.3722714
137.8671261
137.3619808
136.8568355
136.3516902
135.8465448
135.3413995
134.8362542
134.3311089
133.8259636
133.3208183
132.8156729
132.3105276
131.8053823
131.300237
130.7950917
130.2899464
129.784801
129.2796557
128.7745104
128.2693651
127.7642198
127.2590745
126.7539291
126.2487838
125.7436385
125.2384932
124.7333479
124.2282026
123.7230572
123.2179119
122.7127666
122.2076213
121.702476
121.1973307
120.6921853
120.18704
119.6818947
119.1767494
118.6716041
118.1664588
117.6613134
117.1561681
116.6510228
116.1458775
115.6407322
115.1355869
114.6304416
114.1252962
113.6201509
113.1150056
112.6098603
112.104715
111.5995697
111.0944243
110.589279
110.0841337
109.5789884
109.0738431
108.5686978
108.0635524
107.5584071
107.0532618
106.5481165
106.0429712
105.5378259
105.0326805
104.5275352
104.0223899
103.5172446
103.0120993
102.506954
102.0018086
101.4966633
100.991518
100.4863727
99.98122738
99.47608206
98.9374028
98.39873917
97.8601068
97.32152132
96.78299837
96.24455356
95.70620252
95.16796087
94.62984424
94.09186823
93.55404847
93.01640054
92.47894006
91.94168263
91.40464382
90.86783923
90.33128443
89.79499499
89.25898648
88.72327444
88.18787443
87.65280197
87.1180726
86.58370183
86.04970516
85.5160981
84.98289613
84.45011472
83.91776933
83.3858754
82.85444838
82.32350368
81.7930567
81.26312285
80.7337175
80.20485601
79.67655372
79.14882598
78.62168808
78.09515534
77.56924302
77.04396638
76.51934068
75.99538113
75.47210293
74.94952128
74.42765133
73.90650823
73.38610711
72.86646305
72.34759115
71.82950645
71.312224
70.79575879
70.28012583
69.76534006
69.25141644
68.73836986
68.22621523
67.7149674
67.2046412
66.69525144
66.18681292
65.67934037
65.17284852
64.66735208
64.16286571
63.65940405
63.15698171
62.65561327
62.15531328
61.65609625
61.15797667
60.66096899
60.16508764
59.67034701
59.17676145
58.68434529
58.19311281
57.70307827
57.21425589
56.9982099
56.78216392
56.56611793
56.35007194
56.13402595
55.91797997
55.70193398
55.48588799
55.26984201
55.05379602
54.83775003
54.62170405
54.40565806
54.18961207
53.97356609
53.7575201
53.54147411
53.32542813
53.10938214
52.89333615
52.67729017
52.46124418
52.24519819
52.0291522
51.81310622
51.59706023
51.38101424
51.16496826
50.94892227
50.73287628
50.5168303
50.30078431
50.08473832
49.86869234
49.65264635
49.43660036
49.22055438
49.00450839
48.7884624
48.57241642
48.35637043
48.14032444
47.92427845
47.70823247
47.49218648
47.27614049
47.06009451
46.84404852
46.62800253
46.41195655
46.19591056
45.97986457
45.76381859
45.5477726
45.33172661
45.11568063
44.89963464
44.68358865
44.46754267
44.25149668
44.03545069
43.8194047
43.60335872
43.38731273
43.17126674
42.95522076
42.73917477
42.52312878
42.3070828
42.09103681
41.87499082
41.65894484
41.44289885
41.22685286
41.01080688
40.79476089
40.5787149
40.36266892
40.14662293
39.93057694
39.71453095
39.49848497
39.28243898
39.06639299
38.85034701
38.63430102
38.41825503
38.20220905
37.98616306
37.77011707
37.55407109
37.3380251
37.12197911
36.90593313
36.68988714
36.47384115
36.25779517
36.04174918
35.82570319
35.6096572
35.39361122
35.17756523
34.96151924
34.74547326
34.52942727
34.31338128
34.0973353
33.88128931
33.66524332
33.44919734
33.23315135
33.01710536
32.80105938
32.58501339
32.3689674
32.15292142
31.93687543
31.72082944
31.50478345
31.28873747
31.07269148
30.85664549
30.64059951
30.42455352
30.20850753
29.99246155
29.77641556
29.56036957
29.34432359
29.1282776
28.91223161
28.69618563
28.48013964
28.26409365
28.04804767
27.83200168
27.61595569
27.3999097
27.18386372
26.96781773
26.75177174
26.53572576
26.31967977
26.10363378
25.8875878
25.67154181
25.45549582
25.23944984
25.02340385
24.80735786
24.59131188
24.37526589
24.1592199
23.94317392
23.72712793
23.51108194
23.29503595
23.07898997
22.86294398
22.64689799
22.43085201
22.21480602
21.99876003
21.78271405
21.56666806
21.35062207
21.13457609
20.9185301
20.70248411
20.48643813
20.27039214
20.05434615
19.83830017
19.62225418
19.40620819
19.1901622
18.97411622
18.75807023
18.54202424
18.32597826
18.10993227
17.89388628
17.6778403
17.46179431
17.24574832
17.02970234
16.81365635
16.59761036
16.38156438
16.16551839
15.9494724
15.73342642
15.51738043
15.30133444
15.08528845
14.86924247
14.65319648
14.43715049
14.22110451
14.0747115
13.9279949
13.78095809
13.63360444
13.48593735
13.33796021
13.18967642
13.04108939
12.89220254
12.74301929
12.59354307
12.44377732
12.29372547
12.14339098
11.99277731
11.84188792
11.69072628
11.53929585
11.38760014
11.23564261
11.08342677
10.93095611
10.77823415
10.62526438
10.47205034
10.31859553
10.1649035
10.01097776
9.856821869
9.702439362
9.547833789
9.393008706
9.237967671
9.082714249
8.92725201
8.771584527
8.61571538
8.459648153
8.303386432
8.146933812
7.990293888
7.833470262
7.676466539
7.51928633
7.361933247
7.204410909
7.046722937
6.888872956
6.730864596
6.572701488
6.41438727
6.255925581
6.097320064
5.938574366
5.779692137
5.620677028
5.461532696
5.302262801
5.142871003
4.983360967
4.82373636
4.664000852
4.504158116
4.344211827
4.184165661
4.024023299
3.863788422
3.703464714
3.543055861
3.38256555
3.221997473
3.061355319
2.900642783
2.739863559
2.579021344
2.418119836
2.257162734
2.096153738
1.93509655
1.773994873
1.61285241
1.451672868
1.29045995
1.129217364
0.967948816
0.806658014
0.645348667
0.484024483
0.322689171
0.16134644
0
-0.149567123
-0.299088687
-0.448519145
-0.59781298
-0.746924715
-0.89580893
-1.044420273
-1.192713475
-1.340643365
-1.488164883
-1.63523309
-1.78180319
-1.927830536
-2.073270645
-2.218079217
-2.362212139
-2.505625509
-2.648275642
-2.790119084
-2.931112628
-3.071213328
-3.210378506
-3.348565771
-3.485733031
-4.122625837
-4.759922638
-5.397606598
-6.035676667
-6.674131795
-7.312970925
-7.952192998
-8.591796949
-9.23178171
-9.872146207
-10.51288936
-11.1540101
-11.79550733
-12.43737997
-13.07962691
-13.72224707
-14.36523935
-15.00860263
-15.65233581
-16.29643777
-16.9409074
-17.58574358
-18.23094518
-18.87651108
-19.52244014
-20.16873122
-20.81538319
-21.46239489
-22.1097652
-22.75749294
-23.40557697
-24.05401613
-24.70280926
-25.35195518
-26.00145274
-26.65130076
-27.30149806
-27.95204347
-28.60293579
-29.25417385
-29.90575645
-30.5576824
-31.2099505
-31.86255956
-32.51550836
-33.16879571
-33.82242039
-34.47638119
-35.1306769
-35.78530629
-36.44026814
-37.09556123
-37.75118432
-38.40713619
-39.06341561
-39.72002132
-40.3769521
-41.03420671
-41.69178388
-42.34968238
-43.00790095
-43.66643834
-44.3252933
-44.98446455
-45.64395084
-46.3037509
-46.96386347
-47.62428727
-48.28502103
-48.94606347
-49.60741332
-50.26906929
-50.93103011
-51.59329448
-52.25586112
-52.91872874
-53.58189605
-54.24536174
-54.90912453
-55.57318311
-56.23753618
-56.90218245
-57.56712059
-58.23234931
-58.8978673
-59.56367323
-60.22976581
-60.89614371
-61.56280562
-62.22975021
-62.89697617
-63.56448216
-64.23226688
-64.90032898
-65.56866715
-66.23728004
-66.90616633
-67.57532469
-68.24475378
-68.91445226
-69.5844188
-70.25465206
-70.92515069
-71.59591335
-72.2669387
-72.9382254
-73.60977209
-74.28157744
-74.95364008
-75.62595868
-76.29853188
-76.97135832
-77.64443666
-78.31776554
-78.9913436
-79.66516949
-80.33924185
-81.01355933
-81.68812055
-82.36292417
-83.03796882
-83.71325314
-84.38877577
-85.06453534
-85.74053049
-86.41675986
-87.09322208
-87.76991578
-88.44683961
-89.12399218
-89.80137215
-90.47897812
-91.15680875
-91.83486266
-92.51313849
-93.19163485
-93.87035039
-94.54928374
-95.22843352
-95.90779837
-96.58737691
-97.26716778
-97.9471696
-98.62738101
-99.30780063
-99.9884271
-100.669259
-101.3507423
-102.0317336
-102.7130242
