200
198.9846069
197.9692138
196.9538207
195.9384276
194.9230344
193.9076413
192.8922482
191.8768551
190.861462
189.8460689
188.8306758
187.8152827
186.7998896
185.7844965
184.7691033
183.7537102
182.7383171
181.722924
180.7075309
179.6921378
178.6767447
177.6613516
176.6459585
175.6305653
174.6151722
173.5997791
172.584386
171.5689929
170.5535998
169.5382067
168.5228136
167.5074205
166.4920274
165.4766342
164.4612411
163.445848
162.4304549
161.4150618
160.3996687
159.3842756
158.3688825
157.3534894
156.3380962
155.3227031
154.30731
153.2919169
152.2765238
151.2611307
150.2457376
149.2303445
148.2149514
147.1995583
146.1841651
145.168772
144.1533789
143.1379858
142.1225927
141.1071996
140.0918065
139.0764134
138.0610203
137.0456272
136.030234
135.0148409
133.9994478
132.9840547
131.9686616
130.9532685
129.9378754
128.9224823
127.9070892
126.891696
125.8763029
124.8609098
123.8455167
122.8301236
121.8147305
120.7993374
119.7839443
118.7685512
117.7531581
116.7377649
115.7223718
114.7069787
113.6915856
112.6761925
111.6607994
110.6454063
109.6300132
108.6146201
107.5992269
106.5838338
105.5684407
104.5530476
103.5376545
102.5222614
101.5068683
100.4914752
99.47608206
98.50646989
97.53694889
96.56761019
95.59854494
94.62984424
93.66159917
92.69390076
91.72684
90.76050779
89.79499499
88.83039238
87.86679065
86.90428039
85.94295209
84.98289613
84.02420278
83.06696217
82.1112643
81.15719901
80.20485601
79.25432483
78.30569484
77.35905523
76.41449499
75.47210293
74.53196766
73.59417755
72.65882079
71.7259853
70.79575879
69.86822872
68.94348229
68.02160645
67.10268786
66.18681292
65.27406773
64.36453812
63.45830958
62.55546733
61.65609625
60.76028088
59.86810546
58.97965386
58.09500961
57.21425589
56.29950799
55.38476009
54.47001218
53.55526428
52.64051638
51.72576848
50.81102058
49.89627268
48.98152477
48.06677687
47.15202897
46.23728107
45.32253317
44.40778526
43.49303736
42.57828946
41.66354156
40.74879366
39.83404576
38.91929785
38.00454995
37.08980205
36.17505415
35.26030625
34.34555835
33.43081044
32.51606254
31.60131464
30.68656674
29.77181884
28.85707094
27.94232303
27.02757513
26.11282723
25.19807933
24.28333143
23.36858352
22.45383562
21.53908772
20.62433982
19.70959192
18.79484402
17.88009611
16.96534821
16.05060031
15.13585241
14.22110451
13.38423617
12.53741466
11.68126971
10.81643801
9.943562671
9.063292816
8.176283054
7.283193009
6.384686827
5.48143268
4.574102272
3.663370339
2.749914145
1.83441298
0.917547657
0
-1.192713475
-2.362212139
-3.485733031
-4.393129007
-5.301327647
-6.210310135
-7.120073428
-8.030614469
-8.941930181
-9.854017472
-10.76687323
-11.68049433
-12.59487763
-13.51001997
-14.42591816
-15.34256902
-16.25996934
-17.17811589
-18.09700542
-19.01663469
-19.93700041
-20.85809929
-21.77992804
-22.70248333
-23.62576182
-24.54976018
-25.47447502
-26.39990297
-27.32604064
-28.25288461
-29.18043147
-30.10867778
-31.03762008
-31.96725492
-32.89757881
-33.82858827
-34.76027978
-35.69264983
-36.62569489
-37.55941142
-38.49379586
-39.42884464
-40.36455418
-41.30092089
-42.23794117
-43.1756114
-44.11392795
-45.05288718
-45.99248544
-46.93271908
-47.87358441
-48.81507777
-49.75719546
-50.69993376
-51.64328898
-52.58725739
-53.53183526
-54.47701884
-55.42280439
-56.36918814
-57.31616633
-58.26373518
-59.2118909
-60.16062971
-61.10994779
-62.05984134
-63.01030654
-63.96133957
-64.91293658
-65.86509376
-66.81780724
-67.77107317
-68.7248877
-69.67924696
-70.63414708
-71.58958417
-72.54555436
-73.50205376
-74.45907847
-75.41662459
-76.37468822
-77.33326545
-78.29235237
-79.25194505
-80.21203959
-81.17263204
-82.13371849
-83.09529499
-84.05735762
-85.01990243
-85.98292548
-86.94642283
-87.91039053
-88.87482463
-89.83972118
-90.80507623
-91.77088581
-92.73714598
-93.70385278
-94.67100225
-95.63859043
-96.60661336
-97.57506708
-98.54394762
-99.51325104
-100.4829734
-101.4535143
-102.4237604
