55
55
55
55
55
55
55
55
55
55
55
55
55
55
55
55
55
55
55
55
55
55
55
55
55
55
55
55
55
55
55
55
55
55
55
55
55
55
55
55
55
55
55
55
55
55
55
55
55
55
55
55
55
55
55
55
55
55
55
55
55
55
55
55
55
55
55
55
55
55
55
55
55
55
55
55
55
55
55
55
55
55
55
55
55
55
55
55
55
55
55
55
55
55
55
55
55
55
55
55
55
55
55
55
55
55
55
55
55
55
55
55
55
55
55
55
55
55
55
55
55
55
55
55
55
55
55
55
55
55
55
55
55
55
55
55
55
55
55
55
55
55
55
55
55
55
55
55
55
55
55
55
55
55
55
55
55
55
55
55
55
55
55
55
55
55
55
55
55
55
55
55
55
55
55
55
55
55
55
55
55
55
55
55
55
55
55
55
55
55
55
55
55
55
55
55
55
55
55
55
54.99854911
54.99419649
54.98694227
54.97678665
54.96372992
54.94777248
54.92891478
54.90715736
54.88250086
54.854946
54.82449358
54.79114447
54.75489965
54.71576016
54.67372715
54.62880184
54.58098552
54.53027958
54.4766855
54.42020483
54.36083921
54.29859036
54.23346009
54.16545029
54.09456294
54.02080008
53.94416386
53.8646565
53.78228032
53.69703769
53.6089311
53.51796311
53.42413634
53.32745353
53.22791747
53.12553106
53.02029727
52.91221916
52.80129985
52.68754256
52.57095061
52.45152737
52.3292763
52.20420096
52.07630497
51.94559204
51.81206597
51.67573064
51.53658999
51.39464807
51.24990899
51.10237696
50.95205625
50.79895123
50.64306634
50.48440611
50.32297513
50.1587781
49.99181977
49.82210499
49.64963869
49.47442587
49.29647162
49.11578109
48.93235954
48.74621228
48.55734472
48.36576234
48.17147069
47.97447541
47.77478223
47.57239693
47.36732539
47.15957355
46.94914746
46.7360532
46.52029698
46.30188504
46.08082372
45.85711945
45.6307787
45.53003481
45.42929091
45.32854701
45.22780311
45.12705921
45.02631531
44.92557142
44.82482752
44.72408362
44.62333972
44.52259582
44.42185193
44.32110803
44.22036413
44.11962023
44.01887633
43.91813243
43.81738854
43.71664464
43.61590074
43.51515684
43.41441294
43.31366905
43.21292515
43.11218125
43.01143735
42.91069345
42.80994955
42.70920566
42.60846176
42.50771786
42.40697396
42.30623006
42.20548617
42.10474227
42.00399837
41.90325447
41.80251057
41.70176667
41.60102278
41.50027888
41.39953498
41.29879108
41.19804718
41.09730329
40.99655939
40.89581549
40.79507159
40.69432769
40.59358379
40.4928399
40.392096
40.2913521
40.1906082
40.0898643
39.98912041
39.88837651
39.78763261
39.68688871
39.58614481
39.48540091
39.38465702
39.28391312
39.18316922
39.08242532
38.98168142
38.88093753
38.78019363
38.67944973
38.57870583
38.47796193
38.37721803
38.27647414
38.17573024
38.07498634
37.97424244
37.87349854
37.77275465
37.67201075
37.57126685
37.47052295
37.36977905
37.26903515
37.16829126
37.06754736
36.96680346
36.86605956
36.76531566
36.66457177
36.56382787
36.46308397
36.36234007
36.26159617
36.16085227
36.06010838
35.95936448
35.85862058
35.75787668
35.65713278
35.55638889
35.45564499
35.35490109
35.25415719
35.15341329
35.05266939
34.9519255
34.8511816
34.7504377
34.6496938
34.5489499
34.44820601
34.34746211
34.24671821
34.14597431
34.04523041
33.94448652
33.84374262
33.74299872
33.64225482
33.54151092
33.44076702
33.34002313
33.23927923
33.13853533
33.03779143
32.93704753
32.83630364
32.73555974
32.63481584
32.53407194
32.43332804
32.33258414
32.23184025
32.13109635
32.03035245
31.92960855
31.82886465
31.72812076
31.62737686
31.52663296
31.42588906
31.32514516
31.22440126
31.12365737
31.02291347
30.92216957
30.82142567
30.72068177
30.61993788
30.51919398
30.41845008
30.31770618
30.21696228
30.11621838
30.01547449
29.91473059
29.81398669
29.71324279
29.61249889
29.511755
29.4110111
29.3102672
29.2095233
29.1087794
29.0080355
28.90729161
28.80654771
28.70580381
28.60505991
28.50431601
28.40357212
28.30282822
28.20208432
28.10134042
28.00059652
27.89985262
27.79910873
27.69836483
27.59762093
27.49687703
27.39613313
27.29538924
27.19464534
27.09390144
26.99315754
26.89241364
26.79166974
26.69092585
26.59018195
26.48943805
26.38869415
26.28795025
26.18720636
26.08646246
25.98571856
25.88497466
25.78423076
25.68348686
25.58274297
25.51490559
25.44777092
25.38134051
25.31561589
25.25059855
25.18629
25.12269172
25.05980517
24.99763179
24.93617301
24.87543026
24.81540491
24.75609836
24.69751196
24.63964707
24.58250501
24.5260871
24.47039464
24.4154289
24.36119115
24.30768263
24.25490458
24.20285821
24.15154472
24.10096528
24.05112106
24.0020132
23.95364284
23.90601109
23.85911903
23.81296775
23.76755832
23.72289177
23.67896912
23.6357914
23.59335959
23.55167467
23.5107376
23.47054932
23.43111075
23.39242279
23.35448635
23.31730229
23.28087146
23.2451947
23.21027284
23.17610668
23.14269699
23.11004456
23.07815013
23.04701443
23.01663818
22.98702207
22.9581668
22.93007302
22.90274138
22.8761725
22.850367
22.82532547
22.80104849
22.77753661
22.75479038
22.73281032
22.71159693
22.6911507
22.6714721
22.65256158
22.63441959
22.61704653
22.6004428
22.58460879
22.56954486
22.55525136
22.54172861
22.52897693
22.51699661
22.50578793
22.49535113
22.48568647
22.47679417
22.46867442
22.46132742
22.45475334
22.44895232
22.4439245
22.43966999
22.4361889
22.4334813
22.43154726
22.43038682
22.43
22.43130525
22.43522061
22.44174489
22.45087609
22.46261144
22.47694736
22.49387948
22.51340265
22.53551092
22.56019756
22.58745504
22.61727506
22.64964854
22.68456563
22.72201567
22.76198727
22.80446824
22.84944566
22.89690581
22.94683424
22.99921574
23.05403437
23.11127341
23.17091543
23.45395456
23.7361256
24.01742062
24.29783872
24.57737902
24.85604066
25.13382275
25.41072442
25.68674483
25.96188311
26.23613841
26.5095099
26.78199674
27.05359809
27.32431314
27.59414106
27.86308104
28.13113228
28.39829398
28.66456534
28.92994557
29.1944339
29.45802955
29.72073174
29.98253972
30.24345274
30.50347003
30.76259086
31.02081449
31.27814019
31.53456723
31.7900949
32.04472248
32.29844928
32.55127458
32.80319771
33.05421797
33.30433468
33.55354718
33.8018548
34.04925687
34.29575275
34.5413418
34.78602336
35.02979681
35.27266153
35.5146169
35.7556623
35.99579713
36.23502079
36.47333268
36.71073224
36.94721887
37.18279201
37.41745109
37.65119555
37.88402486
38.11593845
38.3469358
38.57701638
38.80617967
39.03442514
39.2617523
39.48816064
39.71364967
39.9382189
40.16186785
40.38459605
40.60640303
40.82728834
41.04725151
41.26629212
41.48440972
41.70160388
41.91787419
42.13322021
42.34764155
42.56113781
42.77370859
42.9853535
43.19607217
43.40586422
43.61472928
43.82266701
44.02967705
44.23575906
44.4409127
44.64513764
44.84843356
45.05080015
45.25223711
45.45274412
45.65232091
45.85096718
46.04868266
46.24546708
46.44132018
46.6362417
46.83023139
47.02328902
47.21541434
47.40660714
47.5968672
47.7861943
47.97458824
48.16204883
48.34857587
48.53416918
48.7188286
48.90255395
49.08534507
49.26720182
49.44812404
49.6281116
49.80716437
49.98528223
50.16246506
50.33871275
50.51402521
50.68840234
50.86184405
51.03435026
51.20592091
51.37655593
51.54625526
51.71501886
51.88284668
52.04973869
52.21569486
52.38071517
52.54479961
52.70794817
52.87016085
53.03143767
53.19177864
53.35118378
53.50965313
53.66718672
53.8237846
53.97944682
54.13417344
54.28796453
54.44082016
54.59274041
54.74372538
54.89377515
55.04288984
55.19116654
55.33835741
55.48463523
