55
55
55
55
55
55
55
55
55
55
55
55
55
55
55
55
55
55
55
55
55
55
55
55
55
55
55
55
55
55
55
55
55
55
55
55
55
55
55
55
55
55
55
55
55
55
55
55
55
55
55
55
55
55
55
55
55
55
55
55
55
55
55
55
55
55
55
55
55
55
55
55
55
55
55
55
55
55
55
55
55
55
55
55
55
55
55
55
55
55
55
55
55
55
55
55
55
55
55
55
55
55
55
55
55
55
55
55
55
55
55
55
55
55
55
55
55
55
55
55
55
55
55
55
55
55
55
55
55
55
55
55
55
55
55
55
55
55
55
55
55
55
55
55
55
55
55
55
55
55
55
55
55
55
55
55
55
55
55
55
55
55
55
55
55
55
55
55
55
55
55
55
55
55
55
55
55
55
55
55
55
55
55
55
55
55
55
55
55
55
55
55
55
55
55
55
55
55
55
55
54.99879822
54.99519292
54.98918418
54.98077215
54.96995702
54.95673906
54.94111859
54.92309598
54.90267166
54.87984613
54.85461994
54.82699368
54.79696803
54.7645437
54.72972148
54.6925022
54.65288676
54.61087611
54.56647126
54.51967327
54.47048327
54.41890245
54.36493204
54.30857334
54.24982771
54.18869655
54.12518134
54.0592836
53.99100492
53.92034693
53.84731135
53.77189991
53.69411444
53.6139568
53.53142892
53.44653279
53.35927044
53.26964397
53.17765554
53.08330735
52.98660168
52.88754085
52.78612724
52.68236329
52.57625149
52.46779439
52.3569946
52.24385478
52.12837766
52.010566
51.89042264
51.76795046
51.64315242
51.51603151
51.38659078
51.25483334
51.12076238
50.98438109
50.84569277
50.70470075
50.56140841
50.4158192
50.26793663
50.11776423
49.96530563
49.81056449
49.65354452
49.49424951
49.33268327
49.1688497
49.00275273
48.83439635
48.66378461
48.49092162
48.31581151
48.13845851
47.95886688
47.77704094
47.59298504
47.40670362
47.21820116
47.02748219
46.83455128
46.63941308
46.44207228
46.24253362
46.0408019
45.83688196
45.6307787
45.41974675
45.20871479
44.99768284
44.78665088
44.57561893
44.36458697
44.15355502
43.94252306
43.73149111
43.52045915
43.3094272
43.09839524
42.88736329
42.67633133
42.46529938
42.25426742
42.04323547
41.83220351
41.62117156
41.4101396
41.19910765
40.98807569
40.77704374
40.56601178
40.35497983
40.14394787
39.93291592
39.72188396
39.510852
39.29982005
39.08878809
38.87775614
38.66672418
38.45569223
38.24466027
38.03362832
37.82259636
37.61156441
37.40053245
37.1895005
36.97846854
36.76743659
36.55640463
36.34537268
36.13434072
35.92330877
35.71227681
35.50124486
35.2902129
35.07918095
34.86814899
34.65711704
34.44608508
34.23505313
34.02402117
33.81298922
33.60195726
33.39092531
33.17989335
32.9688614
32.75782944
32.54679749
32.33576553
32.12473358
31.91370162
31.70266967
31.49163771
31.28060575
31.0695738
30.85854184
30.64750989
30.43647793
30.22544598
30.01441402
29.80338207
29.59235011
29.38131816
29.1702862
28.95925425
28.74822229
28.53719034
28.32615838
28.11512643
27.90409447
27.69306252
27.48203056
27.27099861
27.05996665
26.8489347
26.63790274
26.42687079
26.21583883
26.00480688
25.79377492
25.58274297
25.38560507
25.194548
25.00960962
24.83082656
24.65823425
24.49186687
24.33175739
24.17793751
24.03043773
23.88928724
23.75451403
23.62614479
23.50420495
23.38871867
23.27970882
23.17719701
23.08120353
22.99174742
22.90884639
22.83251686
22.76277395
22.69963149
22.64310198
22.59319662
22.5499253
22.51329658
22.48331774
22.45999469
22.44333208
22.43333318
22.43
22.44533919
22.49130184
22.56772343
22.67433037
22.81074105
22.97646716
23.17091543
23.37355651
23.57575656
23.77750822
23.97881118
24.17966509
24.38006963
24.58002449
24.77952934
24.97858387
25.17718774
25.37534066
25.57304229
25.77029233
25.96709047
26.1634364
26.35932979
26.55477036
26.74975779
26.94429178
27.13837203
27.33199823
27.52517009
27.7178873
27.91014957
28.10195661
28.29330813
28.48420382
28.67464341
28.8646266
29.05415311
29.24322265
29.43183493
29.61998969
29.80768663
29.99492548
30.18170596
30.3680278
30.55389072
30.73929445
30.92423873
31.10872327
31.29274782
31.47631212
31.65941589
31.84205888
32.02424082
32.20596146
32.38722055
32.56801781
32.74835302
32.9282259
33.10763622
33.28658372
33.46506816
33.6430893
33.82064688
33.99774068
34.17437045
34.35053595
34.52623694
34.70147321
34.8762445
35.0505506
35.22439126
35.39776628
35.57067541
35.74311844
35.91509515
36.08660531
36.25764872
36.42822514
36.59833437
36.7679762
36.93715041
37.10585679
37.27409515
37.44186527
37.60916694
37.77599998
37.94236417
38.10825933
38.27368524
38.43864173
38.60312859
38.76714564
38.93069269
39.09376955
39.25637603
39.41851196
39.58017714
39.74137141
39.90209458
40.06234647
40.22212692
40.38143575
40.54027279
40.69863788
40.85653084
41.01395151
41.17089973
41.32737533
41.48337817
41.63890807
41.79396489
41.94854848
42.10265867
42.25629533
42.4094583
42.56214744
42.7143626
42.86610364
43.01737043
43.16816281
43.31848067
43.46832386
43.61769224
43.7665857
43.9150041
44.06294731
44.21041521
44.35740768
44.50392459
44.64996582
44.79553127
44.94062081
45.08523433
45.22937171
45.37303286
45.51621765
45.65892599
45.80115778
45.9429129
46.08419126
46.22499276
46.36531731
46.50516481
46.64453517
46.7834283
46.9218441
47.0597825
47.19724342
47.33422675
47.47073243
47.60676038
47.74231052
47.87738278
48.01197708
48.14609335
48.27973152
48.41289153
48.5455733
48.67777679
48.80950192
48.94074863
49.07151687
49.20180659
49.33161772
49.46095023
49.58980405
49.71817914
49.84607545
49.97349294
50.10043158
50.22689131
50.35287209
50.47837391
50.60339671
50.72794047
50.85200515
50.97559073
51.09869718
51.22132448
51.3434726
51.46514153
51.58633124
51.70704171
51.82727293
51.9470249
52.06629759
52.185091
52.30340512
52.42123994
52.53859546
52.65547169
52.77186861
52.88778624
53.00322457
53.11818361
53.23266337
53.34666386
53.46018509
53.57322708
53.68578984
53.79787338
53.90947773
54.02060291
54.13124893
54.24141584
54.35110364
54.46031238
54.56904208
54.67729277
54.78506449
54.89235727
54.99917116
55.10550619
55.21145068
55.31678943
55.42166056
55.52606409
