50
50
50
50
50
50
50
50
50
50
50
50
50
50
50
50
50
50
50
50
50
50
50
50
50
50
50
50
50
50
50
50
50
50
50
50
50
50
50
50
50
50
50
50
50
50
50
50
50
50
50
50
50
50
50
50
50
50
50
50
50
50
50
50
50
50
50
50
50
50
50
50
50
50
50
50
50
50
50
50
50
50
50
50
50
50
50
50
50
50
50
50
50
50
50
50
50
50
50
50
50
50
50
50
50
50
50
50
50
50
50
50
50
50
50
50
50
50
50
50
50
50
50
50
50
50
50
50
50
50
50
50
50
50
50
50
50
50
50
50
50
50
50
50
50
50
50
50
50
50
50
50
50
50
50
50
50
50
50
50
50
50
50
50
50
50
50
50
50
50
50
50
50
50
50
50
50
50
50
50
50
50
50
50
50
50
50
50
50
50
50
50
50
50
50
50
50
50
50
50
50
50
50
50
50
50
50
50
50
50
50
50
50
50
50
50
50
50
50
50
50
50
50
50
50
50
50
50
50
50
50
50
50
50
50
50
50
50
50
50
50
50
50
50
50
50
50
50
50
50
50
50
50
50
50
50
50
50
50
50
50
50
50
50
50
50
50
50
50
50
50
50
50
50
50
50
50
50
50
50
50
50
50
50
50
50
50
50
50
50
50
50
50
50
50
50
50
50
50
50
50
50
50
50
50
50
50
50
50
50
50
50
50
50
50
50
50
50
50
50
50
50
50
50
50
50
50
50
50
50
50
50
50
50
50
50
50
50
50
50
50
50
50
50
50
50
50
50
50
50
50
50
50
50
50
50
50
50
50
50
50
50
50
50
50
50
50
50
50
50
50
50
50
50
50
50
50
50
50
50
50
50
50
50
50
50
50
50
50
50
50
50
50
50
50
50
50
50
50
50
50
50
50
50
50
50
50
50
50
50
50
50
50
50
50
50
50
50
50
50
50
50
50
50
50
50
50
50
50
50
50
50
50
50
50
50
50
50
50
50
50
50
50
50
50
50
50
50
50
50
50
50
50
50
50
50
50
50
50
50
50
50
50
50
50
50
50
50
50
50
50
50
50
50
50
50
50
50
50
50
50
50
50
50
50
50
50
50
50
50
50
50
50
50
50
50
50
50
50
50
50
50
50
50
50
50
50
50
50
49.999821
49.998531
49.995991
49.992199
49.98716
49.980865
49.973328
49.964535
49.954494
49.943203
49.930664
49.916874
49.901836
49.885548
49.868011
49.849224
49.829189
49.807903
49.78537
49.761589
49.736557
49.710278
49.682751
49.653976
49.623951
49.592682
49.560165
49.526398
49.491386
49.455128
49.417622
49.378868
49.338871
49.297626
49.255135
49.211399
49.16642
49.120197
49.072727
49.024014
48.974056
48.922852
48.870407
48.816723
48.761791
48.70562
48.648205
48.58955
48.529652
48.468513
48.406136
48.342518
48.27766
48.211563
48.144226
48.075653
48.00584
47.934792
47.862503
47.788979
47.714222
47.638226
47.560993
47.482529
47.402828
47.321896
47.239727
47.15633
47.071697
46.985836
46.898739
46.810413
46.72086
46.630074
46.538059
46.44482
46.350349
46.25465
46.15773
46.059578
45.960205
45.859604
45.757782
45.654732
45.550461
45.444969
45.338257
45.23032
45.121166
45.010792
44.8992
44.786388
44.672359
44.557114
44.440651
44.322975
44.204082
44.083981
43.962662
43.84013
43.716389
43.591434
43.465275
43.337902
43.20932
43.079533
42.94854
42.816341
42.682934
42.548325
42.41251
42.275497
42.13728
41.99786
41.857243
41.715424
41.572411
41.428196
41.282787
41.136181
40.988384
40.83939
40.689205
40.537827
40.385258
40.231499
40.076553
39.920418
39.763096
39.604588
39.444893
39.284016
39.121956
38.958714
38.794289
38.628685
38.461903
38.293945
38.124805
37.954494
37.783005
37.610344
37.436512
37.261505
37.085331
36.907986
36.729473
36.549793
36.368946
36.186935
36.003761
35.819424
35.633926
35.447266
35.259449
35.070473
34.880341
34.689053
34.496613
34.303017
34.108269
33.912373
33.715324
33.517128
33.317787
33.117298
32.915668
32.712891
32.508972
32.303913
32.097717
31.890381
31.681908
31.4723
31.261557
31.050249
30.83894
30.62763
30.416321
30.205011
29.993702
29.782394
29.571085
29.359776
29.148466
28.937157
28.725847
28.613459
28.405176
28.202972
28.006886
27.816948
27.633192
27.455654
27.284363
27.11935
26.960646
26.808277
26.662271
26.522654
26.38945
26.262684
26.142378
26.028553
25.921228
25.820425
25.726162
25.638453
25.557314
25.482759
25.414806
25.353462
25.298738
25.250648
25.209196
25.174391
25.14624
25.124748
25.109917
25.101751
25.1
25.113155
25.152582
25.218176
25.30975
25.427053
25.569761
25.737476
25.791754
25.978828
26.165447
26.351612
26.537319
26.72257
26.907551
27.091955
27.275911
27.459423
27.642485
27.8251
28.007267
28.188988
28.370258
28.551081
28.731455
28.911379
29.090855
29.26988
29.448456
29.626583
29.804258
29.981485
30.15826
30.334585
30.51046
30.685881
30.860853
31.035372
31.20944
31.383057
31.556219
31.728931
31.90119
32.072994
32.24435
32.415249
32.585693
32.755688
32.925228
33.094311
33.262943
33.431118
33.598843
33.766109
33.932922
34.099281
34.265182
34.43063
34.595623
34.760159
34.924236
35.087864
35.25103
35.413742
35.575996
35.737793
35.899136
36.06002
36.220448
36.380417
36.539932
36.698986
36.857582
37.01572
37.173405
37.330627
37.487392
37.643696
37.799545
37.954933
38.109863
38.264336
38.418346
38.571899
38.724991
38.877625
39.0298
39.181515
39.332767
39.483562
39.633896
39.783772
39.933186
40.082138
40.230629
40.378662
40.526234
40.673344
40.819992
40.966183
41.111908
41.257175
41.401978
41.546322
41.690201
41.833622
41.976578
42.119076
42.261108
42.402679
42.543793
42.684437
42.824623
42.964348
43.103607
43.242405
43.380741
43.518616
43.656025
43.792973
43.929459
44.065479
44.201038
44.336136
44.470768
44.604939
44.738644
44.871887
45.004665
45.136982
45.268837
45.400227
45.531155
45.661617
45.791615
45.92115
46.050224
46.178833
46.306976
46.434658
46.561874
46.688629
46.814919
46.940746
47.049999
