55
55
55
55
55
55
55
55
55
55
55
55
55
55
55
55
55
55
55
55
55
55
55
55
55
55
55
55
55
55
55
55
55
55
55
55
55
55
55
55
55
55
55
55
55
55
55
55
55
55
55
55
55
55
55
55
55
55
55
55
55
55
55
55
55
55
55
55
55
55
55
55
55
55
55
55
55
55
55
55
55
55
55
55
55
55
55
55
55
55
55
55
55
55
55
55
55
55
55
55
55
55
55
55
55
55
55
55
55
55
55
55
55
55
55
55
55
55
55
55
55
55
55
55
55
55
55
55
55
55
55
55
55
55
55
55
55
55
55
55
55
55
55
55
55
55
55
55
55
55
55
55
55
55
55
55
55
55
55
55
55
55
55
55
55
55
55
55
55
55
55
55
55
55
55
55
55
55
55
55
55
55
55
55
55
55
55
55
55
55
55
55
55
55
55
55
55
55
55
55
55
55
55
55
55
55
55
55
55
55
55
55
55
55
55
55
55
55
55
55
55
55
55
55
55
55
55
55
55
55
55
55
55
55
55
55
55
55
55
55
55
55
55
55
55
55
55
55
55
55
55
55
55
55
55
55
55
55
55
55
55
55
55
55
55
55
55
55
55
55
55
55
55
55
55
55
55
55
55
55
55
55
55
55
55
55
55
55
55
55
55
55
55
55
55
55
55
55
55
55
55
55
55
55
55
55
55
55
55
55
55
55
55
55
55
55
55
55
55
55
55
55
55
55
55
55
55
55
55
55
55
55
55
55
55
55
55
55
55
55
55
55
55
55
55
55
55
55
55
55
55
55
55
55
55
55
55
55
55
55
55
55
55
55
55
55
55
55
55
55
55
55
55
55
55
55
55
55
55
55
55
55
55
55
55
55
55
55
55
55
55
55
55
55
55
55
55
55
55
55
54.99969615
54.99878461
54.99726537
54.99513845
54.99240386
54.98906163
54.98511175
54.98055428
54.97538922
54.96961661
54.96323649
54.95624889
54.94865386
54.94045145
54.9316417
54.92222467
54.91220041
54.90156898
54.89033046
54.8784849
54.86603239
54.85297299
54.83930678
54.82503386
54.81015429
54.79466819
54.77857563
54.76187672
54.74457156
54.72666026
54.70814291
54.68901964
54.66929057
54.6489558
54.62801547
54.6064697
54.58431863
54.56156238
54.5382011
54.51423493
54.48966401
54.46448849
54.43870853
54.41232429
54.38533591
54.35774357
54.32954744
54.30074768
54.27134448
54.241338
54.21072844
54.17951597
54.1477008
54.1152831
54.08226308
54.04864094
54.01441689
53.97959112
53.94416386
53.90813531
53.87150571
53.83427526
53.7964442
53.75801275
53.71898115
53.67934964
53.63911846
53.59828785
53.55685805
53.51482933
53.47220194
53.42897613
53.38515218
53.34073033
53.29571088
53.25009408
53.20388021
53.15706957
53.10966242
53.06165906
53.01305979
52.96386489
52.91407467
52.86368942
52.81270946
52.76113509
52.70896663
52.6562044
52.6028487
52.54889988
52.49435826
52.43922416
52.38349793
52.3271799
52.27027041
52.21276981
52.15467846
52.09599669
52.03672488
51.97686337
51.91641254
51.85537275
51.79374437
51.73152778
51.66872335
51.60533147
51.54135251
51.47678688
51.41163496
51.34589715
51.27957384
51.21266545
51.14517237
51.07709503
51.00843382
50.93918917
50.8693615
50.79895123
50.7279588
50.65638462
50.58422915
50.51149281
50.43817605
50.36427932
50.28980305
50.21474771
50.13911376
50.06290164
49.98611183
49.90874479
49.830801
49.75228091
49.67318502
49.5935138
49.51326774
49.43244732
49.35105304
49.26908539
49.18654487
49.10343197
49.01974722
48.9354911
48.85066414
48.76526686
48.67929976
48.59276337
48.50565823
48.41798485
48.32974377
48.24093553
48.15156067
48.06161972
47.97111324
47.88004178
47.78840588
47.69620612
47.60344304
47.51011721
47.4162292
47.32177957
47.22676891
47.13119779
47.03506679
46.93837649
46.84112748
46.74332036
46.64495571
46.54603415
46.44655625
46.34652264
46.24593392
46.14479069
46.04309358
45.94084321
45.83804018
45.73468514
45.6307787
45.52581517
45.42085163
45.31588809
45.21092455
45.10596101
45.00099748
44.89603394
44.7910704
44.68610686
44.58114332
44.47617979
44.37121625
44.26625271
44.16128917
44.05632564
43.9513621
43.84639856
43.74143502
43.63647148
43.53150795
43.42654441
43.32158087
43.21661733
43.11165379
43.00669026
42.90172672
42.79676318
42.69179964
42.5868361
42.48187257
42.37690903
42.27194549
42.16698195
42.06201842
41.95705488
41.85209134
41.7471278
41.64216426
41.53720073
41.43223719
41.32727365
41.22231011
41.11734657
41.01238304
40.9074195
40.80245596
40.69749242
40.59252888
40.48756535
40.38260181
40.27763827
40.17267473
40.0677112
39.96274766
39.85778412
39.75282058
39.64785704
39.54289351
39.43792997
39.33296643
39.22800289
39.12303935
39.01807582
38.91311228
38.80814874
38.7031852
38.59822166
38.49325813
38.38829459
38.28333105
38.17836751
38.07340398
37.96844044
37.8634769
37.75851336
37.65354982
37.54858629
37.44362275
37.33865921
37.23369567
37.12873213
37.0237686
36.91880506
36.81384152
36.70887798
36.60391444
36.49895091
36.39398737
36.28902383
36.18406029
36.07909676
35.97413322
35.86916968
35.76420614
35.6592426
35.55427907
35.44931553
35.34435199
35.23938845
35.13442491
35.02946138
34.92449784
34.8195343
34.71457076
34.60960722
34.50464369
34.39968015
34.29471661
34.18975307
34.08478954
33.979826
33.87486246
33.76989892
33.66493538
33.55997185
33.45500831
33.35004477
33.24508123
33.14011769
33.03515416
32.93019062
32.82522708
32.72026354
32.61530001
32.51033647
32.40537293
32.30040939
32.19544585
32.09048232
31.98551878
31.88055524
31.7755917
31.67062816
31.56566463
31.46070109
31.35573755
31.25077401
31.14581047
31.04084694
30.9358834
30.83091986
30.72595632
30.62099279
30.51602925
30.41106571
30.30610217
30.20113863
30.0961751
29.99121156
29.88624802
29.78128448
29.67632094
29.57135741
29.46639387
29.36143033
29.25646679
29.15150325
29.04653972
28.94157618
28.83661264
28.7316491
28.62668557
28.52172203
28.41675849
28.31179495
28.20683141
28.10186788
27.99690434
27.8919408
27.78697726
27.68201372
27.57705019
27.47208665
27.36712311
27.26215957
27.15719603
27.0522325
26.94726896
26.84230542
26.73734188
26.63237835
26.52741481
26.42245127
26.31748773
26.21252419
26.10756066
26.00259712
25.89763358
25.79267004
25.6877065
25.58274297
25.48180063
25.38242385
25.28461771
25.18838723
25.09373731
25.0006728
24.90919847
24.81931899
24.73103897
24.64436292
24.55929527
24.47584038
24.39400252
24.31378587
24.23519455
24.15823256
24.08290385
24.00921227
23.9371616
23.86675552
23.79799762
23.73089144
23.6654404
23.60164785
23.53951706
23.4790512
23.42025337
23.36312658
23.30767375
23.25389772
23.20180123
23.15138696
23.10265748
23.05561529
23.01026279
22.9666023
22.92463607
22.88436622
22.84579484
22.80892388
22.77375524
22.74029071
22.70853202
22.67848077
22.65013851
22.62350669
22.59858668
22.57537974
22.55388707
22.53410976
22.51604883
22.4997052
22.48507971
22.4721731
22.46098603
22.45151909
22.44377275
22.4377474
22.43344336
22.43086085
22.43
22.43334131
22.44336265
22.4600562
22.48340893
22.51340265
22.55001396
22.59321432
22.64297003
22.69924231
22.76198727
22.83115598
22.90669451
22.98854395
23.07664049
23.17091543
23.27252911
23.37403732
23.47543298
23.57671606
23.6778865
23.77894427
23.87988933
23.98072164
24.08144115
24.18204783
24.28254162
24.38292251
24.48319043
24.58334536
24.68338724
24.78331605
24.88313174
24.98283427
25.0824236
25.18189969
25.28126251
25.380512
25.47964814
25.57867087
25.67758018
25.776376
25.87505831
25.97362706
26.07208222
26.17042375
26.2686516
26.36676574
26.46476614
26.56265275
26.66042553
26.75808444
26.85562946
26.95306053
27.05037762
27.1475807
27.24466972
27.34164465
27.43850545
27.53525208
27.63188451
27.72840269
27.82480659
27.92109618
28.01727141
28.11333225
28.20927867
28.30511062
28.40082807
28.49643098
28.59191931
28.68729304
28.78255212
28.87769652
28.9727262
29.06764112
29.16244125
29.25712656
29.351697
29.44615255
29.54049317
29.63471881
29.72882946
29.82282506
29.9167056
30.01047102
30.1041213
30.19765641
30.2910763
30.38438094
30.47757031
30.57064436
30.66360305
30.75644637
30.84917427
30.94178672
31.03428368
31.12666512
31.21893102
31.31108132
31.40311601
31.49503505
31.5868384
31.67852603
31.77009792
31.86155402
31.9528943
32.04411874
32.13522729
32.22621993
32.31709662
32.40785734
32.49850205
32.58903071
32.6794433
32.76973979
32.85992014
32.94998432
33.03993231
33.12976406
33.21947955
33.30907874
33.39856162
33.48792814
33.57717827
33.66631199
33.75532926
33.84423005
33.93301434
34.02168209
34.11023327
34.19866786
34.28698582
34.37518712
34.46327174
34.55123964
34.63909079
34.72682517
34.81444275
34.9019435
34.98932738
35.07659438
35.16374445
35.25077758
35.33769373
35.42449288
35.51117499
35.59774005
35.68418801
35.77051886
35.85673257
35.9428291
36.02880844
36.11467054
36.20041539
36.28604296
36.37155323
36.45694615
36.54222171
36.62737989
36.71242065
36.79734396
36.88214981
36.96683816
37.05140899
37.13586227
37.22019797
37.30441608
37.38851656
37.4724994
37.55636455
37.640112
37.72374173
37.8072537
37.8906479
37.9739243
38.05708286
38.14012358
38.22304642
38.30585135
38.38853837
38.47110743
38.55355852
38.63589161
38.71810668
38.8002037
38.88218266
38.96404352
39.04578627
39.12741088
39.20891732
39.29030558
39.37157563
39.45272745
39.53376102
39.6146763
39.69547329
39.77615196
39.85671228
39.93715424
40.01747781
40.09768297
40.17776969
40.25773797
40.33758776
40.41731906
40.49693185
40.57642609
40.65580178
40.73505888
40.81419738
40.89321726
40.97211849
41.05090106
41.12956495
41.20811013
41.28653659
41.3648443
41.44303325
41.52110341
41.59905477
41.67688731
41.754601
41.83219583
41.90967178
41.98702883
42.06426696
42.14138615
42.21838638
42.29526764
42.3720299
42.44867315
42.52519737
42.60160254
42.67788864
42.75405566
42.83010358
42.90603237
42.98184203
43.05753254
43.13310387
43.20855601
43.28388894
43.35910265
43.43419712
43.50917234
43.58402828
43.65876493
43.73338227
43.80788029
43.88225897
43.9565183
44.03065826
44.10467883
44.17858
44.25236175
44.32602407
44.39956694
44.47299035
44.54629428
44.61947872
44.69254365
44.76548906
44.83831493
44.91102125
44.983608
45.05607518
45.12842276
45.20065074
45.27275909
45.34474781
45.41661688
45.48836629
45.55999602
45.63150607
45.70289641
45.77416704
45.84531794
45.9163491
45.98726051
46.05805216
46.12872403
46.19927611
46.26970838
46.34002085
46.41021349
46.48028629
46.55023924
46.62007233
46.68978556
46.75937889
46.82885234
46.89820588
46.96743951
47.0365532
47.10554697
47.17442078
47.24317464
47.31180853
47.38032244
47.44871636
47.51699028
47.5851442
47.6531781
47.72109197
47.7888858
47.85655959
47.92411333
47.991547
48.05886059
48.12605411
48.19312753
48.26008086
48.32691408
48.39362718
48.46022016
48.52669301
48.59304572
48.65927828
48.72539068
48.79138292
48.857255
48.92300689
48.9886386
49.05415011
49.11954143
49.18481254
49.24996344
49.31499412
49.37990458
49.4446948
49.50936478
49.57391452
49.63834401
49.70265325
49.76684222
49.83091092
49.89485935
49.9586875
50.02239537
50.08598295
50.14945024
50.21279722
50.27602391
50.33913028
50.40211634
50.46498209
50.52772751
50.59035261
50.65285738
50.71524181
50.77750591
50.83964966
50.90167308
50.96357614
51.02535885
51.08702121
51.14856321
51.20998485
51.27128612
51.33246703
51.39352757
51.45446774
51.51528754
51.57598696
51.636566
51.69702466
51.75736294
51.81758084
51.87767835
51.93765548
51.99751221
52.05724856
52.11686452
52.17636009
52.23573526
52.29499004
52.35412443
52.41313842
52.47203202
52.53080522
52.58945803
52.64799045
52.70640247
52.76469409
52.82286532
52.88091615
52.93884659
52.99665664
53.0543463
53.11191556
53.16936444
53.22669292
53.28390102
53.34098873
53.39795606
53.454803
53.51152957
53.56813575
53.62462155
53.68098698
53.73723204
53.79335672
53.84936104
53.90524499
53.96100858
54.01665181
54.07217468
54.12757719
54.18285936
54.23802118
54.29306265
54.34798378
54.40278458
54.45746504
54.51202517
54.56646498
54.62078446
54.67498363
54.72906249
54.78302103
54.83685928
54.89057722
54.94417487
54.99765223
55.05100931
55.10424611
55.15736264
55.2104476
55.26330275
55.31604045
55.36866069
55.42116347
55.47354879
55.52581665
55.57796705
