-190
-189.5333474
-189.0666947
-188.6000421
-188.1333894
-187.6667368
-187.2000842
-186.7334315
-186.2667789
-185.8001262
-185.3334736
-184.8668209
-184.4001683
-183.9335157
-183.466863
-183.0002104
-182.5335577
-182.0669051
-181.6002525
-181.1335998
-180.6669472
-180.2002945
-179.7336419
-179.2669893
-178.8003366
-178.333684
-177.8670313
-177.4003787
-176.933726
-176.4670734
-176.0004208
-175.5337681
-175.0671155
-174.6004628
-174.1338102
-173.6671576
-173.2005049
-172.7338523
-172.2671996
-171.800547
-171.3338943
-170.8672417
-170.4005891
-169.9339364
-169.4672838
-169.0006311
-168.5339785
-168.0673259
-167.6006732
-167.1340206
-166.6673679
-166.2007153
-165.7340627
-165.26741
-164.8007574
-164.3341047
-163.8674521
-163.4007994
-162.9341468
-162.4674942
-162.0008415
-161.5341889
-161.0675362
-160.6008836
-160.134231
-159.6675783
-159.2009257
-158.734273
-158.2676204
-157.8009678
-157.3343151
-156.8676625
-156.4010098
-155.9343572
-155.4677045
-155.0010519
-154.5343993
-154.0677466
-153.601094
-153.1344413
-152.6677887
-152.2011361
-151.7344834
-151.2678308
-150.8011781
-150.3345255
-149.8678729
-149.4012202
-148.9345676
-148.4679149
-148.0012623
-147.5346096
-147.067957
-146.6013044
-146.1346517
-145.6679991
-145.2013464
-144.7346938
-144.2680412
-143.8013885
-143.3347359
-142.8680832
-142.4014306
-141.934778
-141.4681253
-141.0014727
-140.53482
-140.0681674
-139.6015147
-139.1348621
-138.6682095
-138.2015568
-137.7349042
-137.2682515
-136.8015989
-136.3349463
-135.8682936
-135.401641
-134.9349883
-134.4683357
-134.001683
-133.5350304
-133.0683778
-132.6017251
-132.1350725
-131.6684198
-131.2017672
-130.7351146
-130.2684619
-129.8018093
-129.3351566
-128.868504
-128.4018514
-127.9351987
-127.4685461
-127.0018934
-126.5352408
-126.0685881
-125.6019355
-125.1352829
-124.6686302
-124.2019776
-123.7353249
-123.2686723
-122.8020197
-122.335367
-121.8687144
-121.4020617
-120.9354091
-120.4687565
-120.0021038
-119.5354512
-119.0687985
-118.6021459
-118.1354932
-117.6688406
-117.202188
-116.7355353
-116.2688827
-115.80223
-115.3355774
-114.8689248
-114.4022721
-113.9356195
-113.4689668
-113.0023142
-112.5356616
-112.0690089
-111.6023563
-111.1357036
-110.669051
-110.2023983
-109.7357457
-109.2690931
-108.8024404
-108.3357878
-107.8691351
-107.4024825
-106.9358299
-106.4691772
-106.0025246
-105.5358719
-105.0692193
-104.6025667
-104.135914
-103.6692614
-103.2026087
-102.7359561
-102.2693034
-101.8026508
-101.3359982
-100.8693455
-100.4026929
-99.93604024
-99.4693876
-99.00273496
-98.53608231
-98.06942967
-97.60277703
-97.13612439
-96.66947175
-96.20281911
-95.73616647
-95.26951383
-94.80286118
-94.33620854
-93.8695559
-93.40290326
-92.93625062
-92.46959798
-92.00294534
-91.5362927
-91.06964005
-90.60298741
-90.13633641
-89.66969546
-89.20307472
-88.73648436
-88.26993453
-87.8034354
-87.33699712
-86.87062985
-86.40434375
-85.93814897
-85.47205566
-85.00607397
-84.54021406
-84.07448606
-83.60890011
-83.14346636
-82.67819495
-82.21309599
-81.74817963
-81.28345598
-80.81893517
-80.35462731
-79.89054251
-79.42669088
-78.96308252
-78.49972752
-78.03663598
-77.57381798
-77.11128359
-76.6490429
-76.18710596
-75.72548284
-75.26418359
-74.80321825
-74.34259686
-73.88232946
-73.42242606
-72.96289668
-72.50375133
-72.045
-71.5866527
-71.12871938
-70.67121004
-70.21413463
-69.75750311
-69.30132541
-68.84561148
-68.39037124
-67.9356146
-67.48135146
-67.02759171
-66.57434525
-66.12162193
-65.66943162
-65.21778416
-64.76668939
-64.31615713
-63.86619719
-63.41681938
-62.96803347
-62.51984924
-62.07227645
-61.62532485
-61.17900416
-60.73332412
-60.28829442
-59.84392475
-59.4002248
-58.95720422
-58.51487266
-58.07323976
-57.63231513
-57.19210837
-56.75262907
-56.3138868
-55.87589111
-55.43865154
-55.00217762
-54.56647884
-54.1315647
-53.69744467
-53.2641282
-52.83162472
-52.39994366
-51.96909441
-51.53908636
-51.10992888
-50.6816313
-50.25420295
-49.82765314
-49.40199117
-48.9772263
-48.55336777
-48.13031573
-47.70738481
-47.28445389
-46.86152296
-46.43859204
-46.01566112
-45.5927302
-45.16979927
-44.74686835
-44.32393743
-43.90100651
-43.47807558
-43.05514466
-42.63221374
-42.20928282
-41.78635189
-41.36342097
-40.94049005
-40.51755912
-40.0946282
-39.67169728
-39.24876636
-38.82583543
-38.40290451
-37.97997359
-37.55704267
-37.13411174
-36.71118082
-36.2882499
-35.86531898
-35.44238805
-35.01945713
-34.59652621
-34.17359529
-33.75066436
-33.32773344
-32.90480252
-32.4818716
-32.05894067
-31.63600975
-31.21307883
-30.7901479
-30.36721698
-29.94428606
-29.52135514
-29.09842421
-28.67549329
-28.25256237
-27.82963145
-27.40670052
-26.9837696
-26.56083868
-26.13790776
-25.71497683
-25.29204591
-24.86911499
-24.44618407
-24.02325314
-23.60032222
-23.1773913
-22.75446038
-22.33152945
-21.90859853
-21.48566761
-21.06273668
-20.63980576
-20.21687484
-19.79394392
-19.37101299
-18.94808207
-18.52515115
-18.10222023
-17.6792893
-17.25635838
-16.83342746
-16.41049654
-15.98756561
-15.56463469
-15.14170377
-14.71877285
-14.29584192
-13.872911
-13.44998008
-13.02704916
-12.60411823
-12.18118731
-11.75825639
-11.33532547
-10.91239454
-10.48946362
-10.0665327
-9.643148121
-9.216431645
-8.786018386
-8.352080987
-7.914793503
-7.474331334
-7.030871153
-6.584590834
-6.135669384
-5.68428687
-5.230624344
-4.774863774
-4.317187969
-3.857780506
-3.396825657
-2.934508315
-2.471013919
-2.00652838
-1.541238006
-1.075329431
-0.608989532
-0.142405362
0.324083198
0.788532473
1.248051411
1.699766847
2.140879206
2.576689055
3.012769275
3.449118784
3.885736496
4.322621323
4.75977217
5.197187941
5.634867536
6.072809851
6.511013779
6.949478209
7.388202028
7.827184118
8.266423358
8.705918624
9.14566879
9.585672725
10.02592929
10.46643736
10.90719579
11.34820344
11.78945915
12.23096178
12.67271019
13.11470321
13.55693969
13.99941846
14.44213837
14.88509825
15.32829693
15.77173323
16.21540599
16.65931403
17.10345617
17.54783123
17.99243802
18.43727536
18.88234205
19.32763692
19.77315876
20.21890638
20.66487858
21.11107416
21.55749192
22.00413066
22.45098916
22.89806623
23.34536064
23.7928712
24.24059668
24.68853586
25.13668754
25.58505049
26.03362349
26.48240532
26.93139475
27.38059056
27.82999152
28.2795964
28.72940397
29.179413
29.62962225
30.0800305
30.5306365
30.98143902
31.43243682
31.88362867
32.33501331
32.78658951
33.23835603
33.6906964
34.14267335
34.59488291
35.04732507
35.49999983
