45
45
45
45
45
45
45
45
45
45
45
45
45
45
45
45
45
45
45
45
45
45
45
45
45
45
45
45
45
45
45
45
45
45
45
45
45
45
45
45
45
45
45
45
45
45
45
45
45
45
45
45
45
45
45
45
45
45
45
45
45
45
45
45
45
45
45
45
45
45
45
45
45
45
45
45
45
45
45
45
45
45
45
45
45
45
45
45
45
45
45
45
45
45
45
45
45
45
45
45
45
45
45
45
45
45
45
45
45
45
45
45
45
45
45
45
45
45
45
45
45
45
45
45
45
45
45
45
45
45
45
45
45
45
45
45
45
45
45
45
45
45
45
45
45
45
45
45
45
45
45
45
45
45
45
45
45
45
45
45
45
45
45
45
45
45
45
45
45
45
45
45
45
45
45
45
45
45
45
45
45
45
45
45
45
45
45
45
45
45
45
45
45
45
45
45
45
45
45
45
45
45
45
45
45
45
45
45
45
45
45
45
45
45
44.99893476
44.99569203
44.99027175
44.98267405
44.97289907
44.96094704
44.94681822
44.93051292
44.91203148
44.89137432
44.86854188
44.84353466
44.81635321
44.78699811
44.75547
44.72176958
44.68589758
44.64785477
44.60764199
44.5652601
44.52071005
44.47399278
44.42510933
44.37406076
44.32084817
44.26547273
44.20793564
44.14823816
44.08638158
44.02236725
43.95619658
43.88787098
43.81739197
43.74476106
43.66997985
43.59304995
43.51397305
43.43275087
43.34938518
43.26387778
43.17623055
43.0864454
42.99452426
42.90046916
42.80428214
42.70596529
42.60552075
42.50295071
42.39825741
42.29144311
42.18251016
42.07146092
41.95829782
41.8430233
41.72563989
41.60615014
41.48455666
41.36086208
41.23506911
41.10718048
40.97719899
40.84512745
40.71096874
40.5747258
40.43640158
40.29599909
40.1535214
40.0089716
39.86235284
39.71366833
39.56292129
39.410115
39.2552528
39.09833806
38.93937419
38.77836466
38.61531297
38.45022267
38.28309736
38.11394068
37.9427563
37.76954797
37.59431945
37.41707455
37.23781714
37.05655112
36.87328044
36.68800908
36.50074109
36.31148053
36.12023154
35.92699828
35.73178495
35.5348293
35.33761338
35.14039745
34.94318152
34.74596559
34.54874966
34.35153373
34.15431781
33.95710188
33.75988595
33.56267002
33.36545409
33.16823817
32.97102224
32.77380631
32.57659038
32.37937445
32.18215853
31.9849426
31.78772667
31.59051074
31.39329481
31.19607889
30.99886296
30.80164703
30.6044311
30.40721517
30.20999925
30.01278332
29.81556739
29.61835146
29.42113553
29.2239196
29.02670368
28.82948775
28.63227182
28.43505589
28.23783996
28.04062404
27.84340811
27.64619218
27.44897625
27.25176032
27.0545444
26.85732847
26.66011254
26.46289661
26.26568068
26.06846476
25.87124883
25.6740329
25.47681697
25.27960104
25.08238511
24.88516919
24.68795326
24.49073733
24.2935214
24.09630547
23.89908955
23.70187362
23.50465769
23.30744176
23.11022583
22.91300991
22.71579398
22.51857805
22.32136212
22.12414619
21.92693027
21.72971434
21.53249841
21.33528248
21.13806655
20.94085063
20.7436347
20.54641877
20.34920284
20.15198691
19.95477098
19.75755506
19.56033913
19.3631232
19.16590727
18.96869134
18.77147542
18.57425949
18.37704356
18.17982763
17.9826117
17.78539578
17.58916092
17.40029468
17.22001203
17.04838527
16.88548326
16.73137134
16.58611131
16.44976144
16.32237643
16.20400737
16.09470174
15.99450338
15.90345249
15.82158557
15.74893548
15.68553135
15.63139861
15.58655898
15.55103044
15.52482725
15.50795991
15.50043518
15.50890756
15.55293094
15.6335134
15.75015109
15.90204957
16.0688861
16.23501465
16.40043459
16.56514532
16.72914624
16.89243675
17.05501625
17.21688418
17.37803994
17.53848298
17.69821274
17.85722865
18.01553019
18.1731168
18.32998796
18.48614314
18.64158183
18.79630352
18.9503077
19.10359389
19.2561616
19.40801035
19.55913966
19.70954907
19.85923814
20.0082064
20.15645341
20.30397875
20.45078199
20.5968627
20.74222049
20.88685494
21.03076565
21.17395225
21.31641436
21.45815159
21.59916358
21.73944999
21.87901045
22.01784464
22.1559522
22.29333283
22.42998619
22.56591199
22.70110991
22.83557967
22.96932098
23.10233355
23.23461712
23.36617142
23.4969962
23.62709122
23.75645622
23.88509099
24.01299529
24.14016891
24.26661164
24.39232328
24.51730364
24.64155254
24.7650698
24.88785524
25.00990872
25.13123007
25.25181915
25.37167582
25.49079997
25.60919145
25.72685016
25.843776
25.96006746
26.07548423
26.19018006
26.30415496
26.41740892
