-200
-199.4948547
-198.9897094
-198.4845641
-197.9794187
-197.4742734
-196.9691281
-196.4639828
-195.9588375
-195.4536922
-194.9485468
-194.4434015
-193.9382562
-193.4331109
-192.9279656
-192.4228203
-191.9176749
-191.4125296
-190.9073843
-190.402239
-189.8970937
-189.3919484
-188.886803
-188.3816577
-187.8765124
-187.3713671
-186.8662218
-186.3610765
-185.8559311
-185.3507858
-184.8456405
-184.3404952
-183.8353499
-183.3302046
-182.8250592
-182.3199139
-181.8147686
-181.3096233
-180.804478
-180.2993327
-179.7941873
-179.289042
-178.7838967
-178.2787514
-177.7736061
-177.2684608
-176.7633155
-176.2581701
-175.7530248
-175.2478795
-174.7427342
-174.2375889
-173.7324436
-173.2272982
-172.7221529
-172.2170076
-171.7118623
-171.206717
-170.7015717
-170.1964263
-169.691281
-169.1861357
-168.6809904
-168.1758451
-167.6706998
-167.1655544
-166.6604091
-166.1552638
-165.6501185
-165.1449732
-164.6398279
-164.1346825
-163.6295372
-163.1243919
-162.6192466
-162.1141013
-161.608956
-161.1038106
-160.5986653
-160.09352
-159.5883747
-159.0832294
-158.5780841
-158.0729387
-157.5677934
-157.0626481
-156.5575028
-156.0523575
-155.5472122
-155.0420669
-154.5369215
-154.0317762
-153.5266309
-153.0214856
-152.5163403
-152.011195
-151.5060496
-151.0009043
-150.495759
-149.9906137
-149.4854684
-148.9803231
-148.4751777
-147.9700324
-147.4648871
-146.9597418
-146.4545965
-145.9494512
-145.4443058
-144.9391605
-144.4340152
-143.9288699
-143.4237246
-142.9185793
-142.4134339
-141.9082886
-141.4031433
-140.897998
-140.3928527
-139.8877074
-139.382562
-138.8774167
-138.3722714
-137.8671261
-137.3619808
-136.8568355
-136.3516902
-135.8465448
-135.3413995
-134.8362542
-134.3311089
-133.8259636
-133.3208183
-132.8156729
-132.3105276
-131.8053823
-131.300237
-130.7950917
-130.2899464
-129.784801
-129.2796557
-128.7745104
-128.2693651
-127.7642198
-127.2590745
-126.7539291
-126.2487838
-125.7436385
-125.2384932
-124.7333479
-124.2282026
-123.7230572
-123.2179119
-122.7127666
-122.2076213
-121.702476
-121.1973307
-120.6921853
-120.18704
-119.6818947
-119.1767494
-118.6716041
-118.1664588
-117.6613134
-117.1561681
-116.6510228
-116.1458775
-115.6407322
-115.1355869
-114.6304416
-114.1252962
-113.6201509
-113.1150056
-112.6098603
-112.104715
-111.5995697
-111.0944243
-110.589279
-110.0841337
-109.5789884
-109.0738431
-108.5686978
-108.0635524
-107.5584071
-107.0532618
-106.5481165
-106.0429712
-105.5378259
-105.0326805
-104.5275352
-104.0223899
-103.5172446
-103.0120993
-102.506954
-102.0018086
-101.4966633
-100.991518
-100.4863727
-99.98122738
-99.47608206
-98.985823
-98.49557572
-98.00535201
-97.51516365
-97.02502242
-96.5349401
-96.04492848
-95.55499932
-95.06516441
-94.57543552
-94.08582442
-93.59634287
-93.10700265
-92.61781552
-92.12879322
-91.63994752
-91.15129017
-90.66283291
-90.17458748
-89.68656561
-89.19877904
-88.71123949
-88.22395869
-87.73694833
-87.25022013
-86.76378578
-86.27765698
-85.79184541
-85.30636275
-84.82122067
-84.33643082
-83.85200486
-83.36795444
-82.88429118
-82.40102672
-81.91817267
-81.43574063
-80.95374219
-80.47218896
-79.99109249
-79.51046435
-79.0303161
-78.55065927
-78.0715054
-77.592866
-77.11475257
-76.63717661
-76.16014959
-75.68368299
-75.20778825
-74.73247681
-74.25776009
-73.78364951
-73.31015647
-72.83729233
-72.36506847
-71.89349625
-71.42258698
-70.95235199
-70.48280259
-70.01395006
-69.54580566
-69.07838066
-68.61168628
-68.14573374
-67.68053424
-67.21609897
-66.75243909
-66.28956573
-65.82749003
-65.36622309
-64.905776
-64.44615983
-63.98738562
-63.5294644
-63.07240717
-62.61622493
-62.16092864
-61.70652923
-61.25303764
-60.80046475
-60.34882146
-59.89811861
-59.44836704
-58.99957756
-58.55176095
-58.10492798
-57.65908939
-57.21425589
-56.7616964
-56.30913691
-55.85657742
-55.40401794
-54.95145845
-54.49889896
-54.04633947
-53.59377998
-53.1412205
-52.68866101
-52.23610152
-51.78354203
-51.33098254
-50.87842305
-50.42586357
-49.97330408
-49.52074459
-49.0681851
-48.61562561
-48.16306612
-47.71050664
-47.25794715
-46.80538766
-46.35282817
-45.90026868
-45.4477092
-44.99514971
-44.54259022
-44.09003073
-43.63747124
-43.18491175
-42.73235227
-42.27979278
-41.82723329
-41.3746738
-40.92211431
-40.46955482
-40.01699534
-39.56443585
-39.11187636
-38.65931687
-38.20675738
-37.7541979
-37.30163841
-36.84907892
-36.39651943
-35.94395994
-35.49140045
-35.03884097
-34.58628148
-34.13372199
-33.6811625
-33.22860301
-32.77604352
-32.32348404
-31.87092455
-31.41836506
-30.96580557
-30.51324608
-30.0606866
-29.60812711
-29.15556762
-28.70300813
-28.25044864
-27.79788915
-27.34532967
-26.89277018
-26.44021069
-25.9876512
-25.53509171
-25.08253223
-24.62997274
-24.17741325
-23.72485376
-23.27229427
-22.81973478
-22.3671753
-21.91461581
-21.46205632
-21.00949683
-20.55693734
-20.10437785
-19.65181837
-19.19925888
-18.74669939
-18.2941399
-17.84158041
-17.38902093
-16.93646144
-16.48390195
-16.03134246
-15.57878297
-15.12622348
-14.673664
-14.22110451
-13.79045393
-13.35707134
-12.92104259
-12.48245407
-12.04139266
-11.59794574
-11.15220117
-10.70424725
-10.25417271
-9.802066736
-9.348018881
-8.8921191
-8.434457711
-7.975125379
-7.514213103
-7.051812194
-6.588014258
-6.122911176
-5.656595091
-5.189158384
-4.720693657
-4.251293719
-3.781051561
-3.310060343
-2.838413372
-2.366204086
-1.893526034
-1.420472857
-0.947138272
-0.47361605
0
0.512521599
1.023208504
1.530232588
2.031778837
2.526051845
3.011282242
3.485733031
3.941474841
4.397431412
4.853586566
5.30993992
5.766491091
6.223239693
6.680185341
7.137327647
7.594666223
8.052200679
8.509930625
8.967855669
9.425975418
9.884289479
10.34279746
10.80149896
11.26039358
11.71948092
12.1787606
12.6382322
13.09789532
13.55774957
14.01779453
14.47802981
14.938455
15.39906969
15.85987347
16.32086594
16.78204668
17.24341529
17.70497136
18.16671446
18.6286442
19.09076014
19.55306188
20.01554901
20.47822109
20.94107772
21.40411847
21.86734292
22.33075066
22.79434125
23.25811429
23.72206933
24.18620596
24.65052374
25.11502226
25.57970108
26.04455978
26.50959792
26.97481508
27.44021081
27.9057847
28.3715363
28.83746518
29.3035709
29.76985303
30.23631114
30.70294477
31.1697535
31.63673688
32.10389448
32.57122585
33.03873054
33.50640813
33.97425815
34.44228017
34.91047374
35.37883841
35.84737374
36.31607927
36.78495457
37.25399917
37.72321263
38.1925945
38.66214433
39.13186165
39.60174602
40.07179699
40.54201409
41.01239687
41.48294488
41.95365765
42.42453473
42.89557567
43.36677999
43.83814724
44.30967696
44.78136868
45.25322195
45.72523629
46.19741125
46.66974636
47.14224116
47.61489518
48.08770795
48.560679
49.03380787
49.50709409
49.98053719
50.45413669
50.92789214
51.40180305
51.87586895
52.35008938
52.82446386
53.29899191
53.77367306
54.24850684
54.72349276
55.19863037
55.67391917
56.14935869
56.62494845
57.10068797
57.57657679
58.0526144
58.52880035
59.00513413
59.48161529
59.95824332
60.43501775
60.91193811
61.38900389
61.86621463
62.34356984
62.82106903
63.29871171
63.77649741
64.25442564
64.7324959
65.21070772
65.6890606
66.16755406
66.64618761
67.12496076
67.60387302
68.08292391
68.56211293
69.04143959
69.5209034
70.00050388
70.48024052
70.96011285
71.44012036
71.92026256
72.40053896
72.88094907
73.3614924
73.84216844
74.32297672
74.80391672
75.28498796
75.76618995
76.24752218
76.72898416
77.21057539
77.69229539
78.17414364
78.65611966
79.13822296
79.62045302
80.10280935
80.58529146
81.06789885
81.55063102
82.03348747
82.5164677
82.99957121
83.48279751
83.9661461
84.44961647
84.93320812
85.41692057
85.90075329
86.38470581
86.86877761
87.35296819
87.83727706
88.32170371
88.80624765
89.29090836
89.77568536
90.26057814
90.74558619
91.23070903
91.71594613
92.20129701
92.68676116
93.17233808
93.65802727
94.14382823
94.62974045
95.11576343
95.60189667
96.08813967
96.57449192
97.06095293
97.54752219
98.0341992
98.52098346
99.00787446
99.49487171
99.98197469
100.4691829
100.9564959
101.4443205
101.9316639
102.4191607
102.9068108
